origin : 30.901699 95.105652 22.000000
5.685591 17.498451 0.000000
5.917942 18.213552 50.000000
6.169880 18.988937 100.000000
6.443961 19.832471 150.000000
6.743198 20.753429 200.000000
7.071169 21.762821 250.000000
7.432153 22.873816 300.000000
7.831306 24.102280 350.000000
8.274891 25.467497 400.000000
8.770591 26.993105 450.000000
9.327916 28.708375 500.000000
9.958764 30.649924 550.000000
10.678189 32.864087 600.000000
11.505472 35.410202 650.000000
12.465622 38.365240 700.000000
13.591516 41.830386 750.000000
14.926956 45.940448 800.000000
16.531037 50.877302 850.000000
18.484284 56.888776 900.000000
20.896830 64.313828 950.000000
23.917829 73.611510 1000.000000
27.741484 85.379507 1050.000000
32.594665 100.316065 1100.000000
38.671156 119.017579 1150.000000
45.968842 141.477547 1200.000000
54.077974 166.434890 1250.000000
62.187106 191.392234 1300.000000
69.484792 213.852201 1350.000000
75.561283 232.553716 1400.000000
80.414465 247.490274 1450.000000
84.238119 259.258271 1500.000000
87.259118 268.555952 1550.000000
89.671664 275.981005 1600.000000
91.624911 281.992479 1650.000000
93.228992 286.929333 1700.000000
94.564432 291.039395 1750.000000
95.690326 294.504541 1800.000000
96.650476 297.459579 1850.000000
97.477759 300.005694 1900.000000
98.197184 302.219857 1950.000000
98.828032 304.161406 2000.000000
99.385357 305.876676 2050.000000
99.881057 307.402284 2100.000000
100.324642 308.767500 2150.000000
100.723795 309.995965 2200.000000
101.084779 311.106960 2250.000000
101.412750 312.116352 2300.000000
101.711987 313.037309 2350.000000
101.986068 313.880843 2400.000000
102.238006 314.656229 2450.000000
102.470357 315.371330 2500.000000
