origin : -80.901699 58.778525 19.000000
-14.885071 10.814637 0.000000
-15.493372 11.256594 50.000000
-16.152955 11.735809 100.000000
-16.870508 12.257141 150.000000
-17.653921 12.826324 200.000000
-18.512561 13.450163 250.000000
-19.457630 14.136795 300.000000
-20.502624 14.896028 350.000000
-21.663947 15.739778 400.000000
-22.961707 16.682656 450.000000
-24.420802 17.742751 500.000000
-26.072383 18.942695 550.000000
-27.955862 20.311123 600.000000
-30.121717 21.884708 650.000000
-32.635422 23.711022 700.000000
-35.583052 25.852600 750.000000
-39.079279 28.392758 800.000000
-43.278818 31.443902 850.000000
-48.392483 35.159197 900.000000
-54.708610 39.748132 950.000000
-62.617690 45.494415 1000.000000
-72.628147 52.767437 1050.000000
-85.333942 61.998738 1100.000000
-101.242400 73.556909 1150.000000
-120.347990 87.437933 1200.000000
-141.577974 102.862419 1250.000000
-162.807958 118.286906 1300.000000
-181.913548 132.167929 1350.000000
-197.822006 143.726101 1400.000000
-210.527801 152.957401 1450.000000
-220.538258 160.230423 1500.000000
-228.447338 165.976706 1550.000000
-234.763465 170.565641 1600.000000
-239.877130 174.280937 1650.000000
-244.076669 177.332080 1700.000000
-247.572896 179.872238 1750.000000
-250.520526 182.013816 1800.000000
-253.034231 183.840130 1850.000000
-255.200086 185.413716 1900.000000
-257.083565 186.782143 1950.000000
-258.735146 187.982087 2000.000000
-260.194241 189.042182 2050.000000
-261.492002 189.985060 2100.000000
-262.653324 190.828810 2150.000000
-263.698318 191.588043 2200.000000
-264.643387 192.274675 2250.000000
-265.502027 192.898514 2300.000000
-266.285440 193.467697 2350.000000
-267.002993 193.989030 2400.000000
-267.662576 194.468244 2450.000000
-268.270877 194.910201 2500.000000
