origin : -100.000000 0.000000 34.000000
-18.398960 0.000000 0.000000
-19.150862 0.000000 50.000000
-19.966150 0.000000 100.000000
-20.853094 0.000000 150.000000
-21.821446 0.000000 200.000000
-22.882784 0.000000 250.000000
-24.050953 0.000000 300.000000
-25.342637 0.000000 350.000000
-26.778111 0.000000 400.000000
-28.382230 0.000000 450.000000
-30.185771 0.000000 500.000000
-32.227237 0.000000 550.000000
-34.555346 0.000000 600.000000
-37.232490 0.000000 650.000000
-40.339601 0.000000 700.000000
-43.983071 0.000000 750.000000
-48.304645 0.000000 800.000000
-53.495561 0.000000 850.000000
-59.816399 0.000000 900.000000
-67.623561 0.000000 950.000000
-77.399722 0.000000 1000.000000
-89.773326 0.000000 1050.000000
-105.478553 0.000000 1100.000000
-125.142489 0.000000 1150.000000
-148.758296 0.000000 1200.000000
-175.000000 0.000000 1250.000000
-201.241704 0.000000 1300.000000
-224.857511 0.000000 1350.000000
-244.521447 0.000000 1400.000000
-260.226674 0.000000 1450.000000
-272.600278 0.000000 1500.000000
-282.376439 0.000000 1550.000000
-290.183601 0.000000 1600.000000
-296.504439 0.000000 1650.000000
-301.695355 0.000000 1700.000000
-306.016929 0.000000 1750.000000
-309.660399 0.000000 1800.000000
-312.767510 0.000000 1850.000000
-315.444654 0.000000 1900.000000
-317.772763 0.000000 1950.000000
-319.814229 0.000000 2000.000000
-321.617770 0.000000 2050.000000
-323.221889 0.000000 2100.000000
-324.657363 0.000000 2150.000000
-325.949047 0.000000 2200.000000
-327.117216 0.000000 2250.000000
-328.178554 0.000000 2300.000000
-329.146906 0.000000 2350.000000
-330.033850 0.000000 2400.000000
-330.849138 0.000000 2450.000000
-331.601040 0.000000 2500.000000
