!  GEOIX
!  SURFACE FILE
@Surf_Zmap HEADER                     ,      GRID,       5
      15,-9999, , 4, 1
21, 21, -100, 100, -100, 100
         0.0000,         0.0000,         0.0000
@
+ Grid data starts after this line
 4.99419 16.1806 12.7698 16.7572 22.2787 17.44
 17 15.1083 17.8123 15.8411 6.01854 2.9537
 2.74607 9.06214 3.80209 10.3476 7.08431 5.99999
 10.5453 9.20625 10.209 5.3509 10.9121 7.46048
 12.8694 20.6127 17.0234 16.3582 18.128 15.4707
 15.176 5.61501 2.74493 11.0402 15.2821 2.98874
 6.5339 5.12185 6.62379 9.09895 16.0068 17.3285
 -0.531412 5.0363 4.00011 10.8413 8.745 4.22027
 6.10179 15.4721 15.6062 9.16222 9.09443 5.22623
 8.368 20.6718 9.16057 17.1681 14.3534 11.8458
 13.2675 19.6745 26.3172 0.349866 -0.761314 8.58909
 9.62121 8.53189 3.08395 7.50918 8.29072 13.9117
 6.55399 9.58503 6.01282 4.74162 5.81425 16.3526
 14.0909 18.828 14.7173 13.046 19.5469 22.9165
 2.5727 7.73466 6.17359 9.12234 9.82076 8.80674
 9.17605 5.17974 7.826 7.39832 5.10225 -1.77262
 -3.2819 4.04173 12.5384 11.9678 15.4485 20.1079
 14.3835 18.4885 15.5756 4.9155 5.66783 6.71762
 12.2849 10.4729 10.5754 9.55642 2.58492 5.44257
 10.4703 4.71468 -2.25454 -7.34369 -0.233437 0.63165
 10.5715 14.8556 16.6048 17.7118 13.3356 10.5415
 -3.76946 -6.05596 7.74013 11.1908 11.2668 13.4513
 7.10681 5.38793 5.75111 6.72956 9.0523 7.48923
 -1.20637 0.518616 2.6999 4.78647 11.8035 17.3232
 16.5828 12.031 6.54577 -1.91592 1.53873 2.28623
 3.76893 5.79344 6.2784 3.34107 2.31377 7.29281
 9.69009 9.95212 6.27428 6.33377 6.76336 4.36518
 8.34355 9.29614 15.3027 19.081 13.2951 9.61737
 4.70128 4.23341 1.33394 6.69926 6.88517 5.46041
 4.10188 6.74413 11.2835 10.2984 6.98472 4.53149
 10.3988 6.51295 6.60841 9.31415 8.94596 7.44637
 16.8675 12.1035 10.6473 5.04327 4.80345 3.03762
 10.1573 5.81218 3.65923 7.46704 8.44528 15.2945
 19.6083 15.4506 12.3526 4.8939 8.25203 10.5275
 16.29 10.0639 12.4961 17.7278 16.4542 11.3519
 5.98818 5.30144 8.15858 7.14843 7.97858 5.76504
 7.12018 7.14862 16.8771 16.3064 14.8334 13.2603
 8.38889 8.17917 8.48004 14.0207 17.1903 15.3426
 20.5821 14.7806 13.4742 2.52638 5.00484 7.32511
 8.13515 10.2379 2.08231 2.23585 2.61275 5.20451
 15.4719 10.1688 13.3354 17.4248 18.8987 14.7303
 16.7048 20.7112 18.2235 14.9829 18.6622 9.06998
 3.33603 8.85675 10.5661 10.3257 8.89897 9.04364
 9.33754 3.55566 8.4851 8.27956 6.23983 12.2806
 15.7722 16.4917 12.4002 15.0717 14.8382 11.203
 14.6028 16.0717 10.7563 12.8343 17.292 9.09301
 13.5491 13.2719 12.8449 10.409 13.6198 11.4924
 10.8513 8.70434 7.55081 1.31685 7.51172 14.2316
 14.4352 9.12341 5.11113 6.99614 6.37057 8.79408
 16.5672 17.0032 13.8206 10.0432 9.77546 17.7115
 19.4951 15.0728 18.1789 11.547 10.6469 7.91506
 11.2291 8.2325 16.6964 9.6813 4.12187 -2.71598
 -3.23487 2.32308 1.14081 13.2365 16.0881 12.7699
 11.6293 10.1851 21.3207 22.076 23.5283 18.6033
 15.403 12.6382 11.5098 15.7946 10.4443 12.114
 7.80698 -1.82408 -4.73921 -2.87185 4.74749 -0.740359
 11.6836 12.1689 12.4237 12.0628 11.4473 17.3844
 24.4563 21.9341 16.5089 18.6314 11.5719 5.87879
 8.03915 1.96331 6.16008 7.17127 -0.445172 -3.66681
 2.66871 7.43764 1.15623 12.4996 10.7056 13.4488
 14.6839 16.6774 17.2471 21.4529 17.0243 13.3329
 15.2897 8.98646 2.96394 5.99161 2.43731 0.120784
 -0.601251 0.514268 0.258152 4.75204 3.51484 4.45879
 10.8632 6.8969 8.1212 21.9069 18.6337 17.5133
 12.3699 14.5702 12.3555 18.7915 9.11169 2.43029
 6.90508 5.12098 -4.54636 -2.49486 -2.31624 -3.64245
 -2.27127 9.20467 8.65941 0.409234 6.06089 11.7234
 13.9697 20.3165 17.536 9.33808 7.34249 9.42862
 12.2948 9.47496 2.25174 2.71066 2.94085 -5.4642
 -1.5075 -8.53864 -10.1702 -5.27478 2.78692 7.73112
 0.40751 7.48382 10.5357 14.0092 13.9638 11.0919
 12.343 6.42668 4.15285 3.6131 6.30214 6.85597
 0.939628 -0.432762 -1.89533 -3.54624 -5.90538 -9.29348
 -4.87273 -4.72919 -0.320734
