!  GEOIX
!  SURFACE FILE
@Surf_Zmap HEADER                     ,      GRID,       5
      15,-9999, , 4, 1
41, 41, -100, 100, -100, 100
         0.0000,         0.0000,         0.0000
@
+ Grid data starts after this line
 11.6511 12.1266 12.6955 13.3436 14.0346 14.7015
 15.2464 15.5824 15.7171 15.7712 15.909 16.2836
 17.0037 15.8113 14.9366 14.2991 13.8513 13.574
 13.4004 13.1934 12.8877 12.5051 12.0469 11.4705
 10.6828 9.52474 7.81302 5.64361 3.96313 3.86614
 4.89806 6.29713 7.72549 9.04522 10.1954 11.1556
 11.9308 12.5412 13.0126 13.3708 13.6384 10.9385
 11.4132 12.0119 12.729 13.5325 14.3443 15.0035
 15.2913 15.184 14.9101 14.697 14.6802 14.69
 14.2794 13.7836 13.3734 13.0736 12.9831 13.1074
 13.099 12.8805 12.6163 12.3217 11.9621 11.4512
 10.5741 8.83848 5.65612 2.34556 2.93783 4.71878
 6.53011 8.2067 9.6751 10.8976 11.8698 12.6151
 13.1713 13.5782 13.8709 14.0766 10.1134 10.5588
 11.1614 11.9286 12.8428 13.8464 14.7615 15.024
 14.4958 13.7639 13.0591 12.5178 12.2907 12.3453
 12.4299 12.3542 12.1336 12.11 12.6577 12.8868
 12.759 12.6497 12.5452 12.4463 12.341 12.1444
 11.3596 7.98356 3.12233 3.66561 5.49428 7.38857
 9.152 10.6735 11.8929 12.8078 13.4608 13.912
 14.2167 14.4173 14.5431 9.17702 9.55249 10.1171
 10.8917 11.8637 12.9931 14.2304 14.5778 13.5171
 12.4342 11.3006 10.1974 9.78527 10.5416 11.3545
 11.6611 11.3271 10.8665 11.6299 12.2718 12.4876
 12.5646 12.62 12.7161 12.9114 13.2938 14.0707
 11.5436 6.74152 6.03937 7.15015 8.81983 10.535
 12.0315 13.1719 13.9468 14.4337 14.7253 14.892
 14.9788 15.0124 8.1481 8.4013 8.8746 9.60582
 10.5575 11.6188 12.5629 12.7897 12.1267 11.1105
 9.88082 8.40701 7.46286 9.50488 11.0451 11.8366
 11.5525 10.6845 11.3208 11.9283 12.2352 12.3876
 12.4997 12.6395 12.8409 13.0581 12.8089 10.2341
 8.30605 8.1046 8.99506 10.5157 12.2091 13.685
 14.6862 15.2222 15.4609 15.5443 15.5495 15.5134
 15.4526 7.07343 7.13984 7.45869 8.12325 9.04358
 10.003 10.7462 11.0019 10.7037 10.0296 9.15825
 8.32382 8.32975 9.76812 11.5775 13.048 13.0382
 12.1932 11.9088 11.9852 12.0883 12.1536 12.2027
 12.2561 12.2938 12.1902 11.6215 10.4181 9.52103
 9.60035 10.5473 12.1131 13.9531 15.544 16.3422
 16.4969 16.4141 16.2708 16.1192 15.9718 15.829
 6.04616 5.85451 5.91586 6.55456 7.53464 8.47907
 9.19008 9.54599 9.53247 9.25477 8.89423 8.73274
 9.17627 10.4081 12.1585 14.1338 14.16 13.0592
 12.411 12.1071 11.9576 11.8586 11.7747 11.6886
 11.5647 11.3252 10.8858 10.3404 10.0829 10.4605
 11.5451 13.2481 15.3974 17.508 17.8902 17.4875
 17.1026 16.7871 16.5279 16.3072 16.1106 5.21922
 4.78489 4.34124 5.17108 6.28664 7.23695 7.96041
 8.42084 8.63644 8.69435 8.74415 8.98667 9.62144
 10.7106 12.0879 13.3064 13.5735 13.0572 12.4851
 12.0544 11.7386 11.4837 11.2543 11.0275 10.7809
 10.494 10.1833 9.96457 10.0542 10.6511 11.8367
 13.5803 15.7752 18.0669 18.2809 17.767 17.3385
 16.999 16.723 16.488 16.277 4.72553 4.30775
 4.0782 4.60933 5.51156 6.3594 7.05757 7.58317
 7.95889 8.2527 8.56997 9.03198 9.73075 10.6632
 11.6817 12.4909 12.7924 12.6129 12.2211 11.7986
 11.4007 11.0278 10.6686 10.3144 9.96361 9.63107
 9.36893 9.28498 9.52735 10.2254 11.4259 13.0626
 14.9269 16.5296 17.2335 17.2612 17.0915 16.8907
 16.6954 16.5082 16.3241 4.52946 4.25069 4.19963
 4.5298 5.13657 5.80965 6.43453 6.97417 7.43933
 7.87499 8.34686 8.91995 9.62735 10.4367 11.2333
 11.8449 12.1306 12.083 11.8078 11.4168 10.9759
 10.5142 10.0436 9.57258 9.11614 8.70692 8.40891
 8.32484 8.58157 9.28609 10.4578 11.9773 13.6044
 15.0077 15.9179 16.3562 16.5137 16.5332 16.4826
 16.3895 16.265 4.50503 4.32193 4.31916 4.54856
 4.96953 5.48529 6.01797 6.53209 7.02869 7.53402
 8.0854 8.71267 9.41704 10.1546 10.8354 11.3489
 11.6113 11.6065 11.3801 10.999 10.5199 9.9816
 9.41059 8.82787 8.2573 7.73623 7.32889 7.13839
 7.3018 7.94945 9.12227 10.6162 12.179 13.5733
 14.6399 15.3546 15.7904 16.0348 16.1497 16.1725
 16.1253 4.56707 4.43496 4.43936 4.60167 4.90312
 5.29697 5.73833 6.20275 6.68921 7.21403 7.79908
 8.45563 9.16794 9.88438 10.5236 10.9976 11.2424
 11.2403 11.0164 10.616 10.0868 9.47129 8.80464
 8.11498 7.42758 6.77325 6.20333 5.81615 5.79351
 6.36923 7.61298 9.19121 10.8105 12.278 13.4849
 14.4014 15.0549 15.4944 15.7657 15.9042 15.937
 4.67654 4.56919 4.56573 4.6766 4.89257 5.19031
 5.54583 5.94598 6.393 6.90221 7.49287 8.17205
 8.91629 9.66307 10.3221 10.8018 11.0388 11.0174
 10.7642 10.3172 9.71942 9.01866 8.25856 7.47239
 6.68243 5.9049 5.16189 4.51104 4.15631 4.66226
 6.12549 7.89164 9.62225 11.1817 12.5048 13.5706
 14.3888 14.9852 15.3891 15.6287 15.7315 4.81742
 4.72062 4.70354 4.7718 4.92066 5.13811 5.41205
 5.7376 6.12215 6.58663 7.16052 7.86367 8.67461
 9.51196 10.2554 10.7873 11.0284 10.9643 10.6574
 10.1377 9.44652 8.64654 7.79448 6.9309 6.07534
 5.22949 4.38611 3.53727 2.6912 3.00639 4.99673
 6.93139 8.72721 10.3383 11.7341 12.9008 13.8383
 14.5548 15.0632 15.3815 15.5347 4.98377 4.8903
 4.85808 4.89006 4.98325 5.13083 5.32649 5.56975
 5.87144 6.25982 6.78611 7.51104 8.43645 9.4445
 10.3524 10.9931 11.2601 11.1309 10.7391 10.1014
 9.2802 8.36008 7.41558 6.50056 5.63448 4.80913
 4.01324 3.26045 2.69339 3.10644 4.68746 6.46899
 8.18787 9.77081 11.1826 12.4037 13.4222 14.2287
 14.8161 15.1873 15.3646 5.174 5.08096 5.03477
 5.03646 5.08325 5.17011 5.29257 5.45078 5.65453
 5.93221 6.35399 7.07124 8.18203 9.4732 10.6462
 11.4633 11.7802 11.5969 11.033 10.2055 9.21154
 8.14524 7.10176 6.16402 5.3501 4.63127 4.00184
 3.51942 3.36501 3.84144 4.97678 6.43847 7.97078
 9.45327 10.8283 12.0637 13.1349 14.0129 14.6623
 15.0603 15.2275 5.38823 5.29558 5.23864 5.21689
 5.22699 5.26383 5.32266 5.40218 5.50852 5.66022
 5.90308 6.4739 7.91875 9.61733 11.1646 12.2376
 12.5944 12.2634 11.4646 10.4039 9.21226 7.97986
 6.8141 5.88505 5.1929 4.63451 4.20496 3.96644
 4.03511 4.52888 5.44598 6.64688 7.97409 9.31957
 10.6202 11.8382 12.9429 13.8907 14.6044 15.0037
 15.1123 5.62683 5.5365 5.47363 5.43658 5.42119
 5.42148 5.43142 5.4484 5.47845 5.54414 5.69864
 6.18726 7.82582 9.85203 11.8775 13.3491 13.6928
 13.05 11.9235 10.6131 9.24434 7.87403 6.54362
 5.67326 5.16189 4.76329 4.50894 4.44914 4.646
 5.14525 5.93653 6.94941 8.09281 9.29054 10.4909
 11.6616 12.7786 13.8061 14.6309 15.0012 14.9712
 5.88965 5.8047 5.74177 5.69865 5.67055 5.65029
 5.62981 5.60424 5.58096 5.59909 5.77436 6.38779
 7.76431 9.88365 12.5206 14.8107 14.9493 13.7029
 12.2108 10.7104 9.25146 7.8644 6.62317 5.76901
 5.27551 4.9749 4.85137 4.92005 5.20006 5.69989
 6.40385 7.27143 8.25127 9.29667 10.373 11.4579
 12.5381 13.6061 14.6444 14.9228 14.6755 6.1755
 6.09936 6.04246 6.00287 5.97579 5.95299 5.9232
 5.87513 5.80704 5.74887 5.80144 6.17479 7.16596
 9.08856 12.1284 16.1203 15.4001 13.6575 12.0668
 10.5666 9.14908 7.84786 6.74254 5.93612 5.44465
 5.21056 5.19223 5.36526 5.71062 6.20966 6.84124
 7.58116 8.40451 9.28882 10.2154 11.1685 12.1326
 13.0814 13.9101 14.2099 14.0705 6.48205 6.41762
 6.37203 6.34471 6.33216 6.32625 6.31228 6.26813
 6.16821 5.9994 5.79424 5.67161 5.89784 7.04557
 9.64809 12.5398 13.3125 12.5504 11.3989 10.1428
 8.88617 7.7139 6.71877 5.98533 5.55243 5.40606
 5.50238 5.78522 6.19871 6.6989 7.25962 7.87055
 8.5303 9.23872 9.99144 10.7763 11.5681 12.3153
 12.9089 13.208 13.2281 6.80605 6.75488 6.72383
 6.71492 6.72798 6.75784 6.78959 6.7917 6.70823
 6.4611 5.98679 5.29105 4.46044 4.0273 6.39233
 9.30449 10.8166 11.0109 10.4606 9.55236 8.50163
 7.4578 6.5494 5.88631 5.53886 5.51704 5.76776
 6.19549 6.6985 7.20342 7.6819 8.14438 8.6192
 9.13186 9.69286 10.2936 10.9051 11.475 11.9298
 12.2058 12.3013 7.14394 7.10563 7.08908 7.1
 7.14387 7.22274 7.32888 7.43296 7.46169 7.26378
 6.65253 5.60607 4.23344 2.91279 4.92779 7.58482
 9.21094 9.80461 9.63828 8.99686 8.10299 7.13652
 6.26148 5.63269 5.37184 5.51771 5.99304 6.63422
 7.26668 7.77601 8.14036 8.41089 8.66302 8.95573
 9.31488 9.73434 10.1835 10.6152 10.9765 11.2274
 11.3585 7.49279 7.4649 7.45898 7.48467 7.55463
 7.68225 7.87493 8.12251 8.37596 8.45468 7.87497
 6.73837 5.58957 5.06286 5.91537 7.46162 8.68323
 9.25133 9.19455 8.65993 7.8169 6.83642 5.90212
 5.22517 5.01984 5.38834 6.2044 7.17418 7.99632
 8.49269 8.67098 8.66879 8.64074 8.68757 8.8446
 9.09988 9.41575 9.7447 10.0411 10.2718 10.4228
 7.85139 7.83025 7.82797 7.85676 7.93604 8.09262
 8.35282 8.72617 9.19984 9.75551 9.26763 8.15886
 7.32393 7.02886 7.43748 8.26254 9.00707 9.35842
 9.22763 8.65903 7.75914 6.66531 5.55217 4.67924
 4.43505 5.10932 6.46213 7.94212 9.03867 9.45692
 9.2964 8.88383 8.50074 8.28474 8.25751 8.38172
 8.60147 8.86191 9.11764 9.33693 9.50314 8.22092
 8.2035 8.19745 8.21422 8.27604 8.42304 8.70683
 9.1415 9.66206 10.0782 9.93002 9.363 8.89985
 8.76994 9.01837 9.4844 9.89286 10.0133 9.73371
 9.04969 8.02542 6.75936 5.37739 4.09887 3.54636
 4.70453 6.90831 9.13604 10.6421 10.7887 9.97638
 8.94673 8.14162 7.68324 7.52429 7.5719 7.74142
 7.96811 8.20575 8.42385 8.60528 8.60472 8.59105
 8.57804 8.57215 8.58914 8.67295 8.93124 9.40896
 9.9432 10.3418 10.4556 10.3512 10.2531 10.3184
 10.5718 10.9082 11.1432 11.0969 10.6647 9.83749
 8.67501 7.26225 5.67963 3.99374 2.37872 4.65824
 7.90257 10.9618 13.2574 12.516 10.4806 8.61493
 7.40845 6.81725 6.63171 6.67862 6.84833 7.07358
 7.31217 7.53781 7.73545 9.00669 9.00149 8.98685
 8.96363 8.93423 8.90754 9.05898 9.66798 10.2616
 10.7328 11.0452 11.2446 11.4377 11.7101 12.0703
 12.4339 12.6417 12.5162 11.9529 10.9752 9.6899
 8.21946 6.68333 5.25626 4.59446 6.49132 9.9576
 14.3341 17.4991 13.9648 10.2044 7.50305 6.15449
 5.68276 5.61954 5.74326 5.95389 6.19972 6.45058
 6.68798 6.90111 9.42866 9.44052 9.43712 9.42007
 9.39462 9.38017 9.55128 10.1083 10.6981 11.2232
 11.6711 12.072 12.4829 12.9503 13.4745 13.9828
 14.3068 14.1999 13.5103 12.3492 10.9405 9.47307
 8.12765 7.18385 7.1749 8.66533 11.5143 15.1993
 16.9145 13.0887 8.5127 5.2756 4.47758 4.45272
 4.61364 4.84519 5.10655 5.3758 5.63867 5.8855
 6.11014 9.86818 9.90633 9.92665 9.93742 9.95949
 10.0406 10.2752 10.7039 11.2268 11.7619 12.2859
 12.8126 13.3742 14.001 14.6999 15.4286 16.033
 16.0906 15.2015 13.7598 12.2013 10.7351 9.52969
 8.8074 8.84832 9.82345 11.5287 13.1867 13.1917
 10.5873 6.49857 3.03287 3.22083 3.50793 3.79203
 4.07525 4.35598 4.63012 4.89299 5.14042 5.36926
 10.3181 10.3895 10.4379 10.4789 10.5436 10.6758
 10.9222 11.2968 11.7655 12.2862 12.8395 13.4294
 14.0745 14.7972 15.614 16.528 17.5118 18.1403
 16.6833 14.8882 13.2125 11.7464 10.5919 9.87757
 9.71855 10.1121 10.806 11.2228 10.6073 8.63775
 5.89062 3.73823 3.06694 3.07247 3.25356 3.4847
 3.73101 3.97947 4.22346 4.45879 4.68247 10.7674
 10.877 10.9477 11.0046 11.0887 11.2379 11.4793
 11.8206 12.2486 12.7428 13.2905 13.8909 14.5526
 15.2872 16.1029 16.9954 17.9129 18.3642 17.0987
 15.3945 13.7803 12.3626 11.2191 10.421 10.003
 9.90574 9.92149 9.69989 8.88792 7.39659 5.5751
 4.06026 3.23693 2.95464 2.94572 3.05936 3.22864
 3.42378 3.63045 3.84087 4.05012 11.1994 11.3567
 11.4313 11.4794 11.5618 11.7092 11.9373 12.25
 12.6408 13.0988 13.6145 14.1835 14.8044 15.4737
 16.1757 16.8604 17.381 17.3833 16.5768 15.2803
 13.8816 12.5684 11.437 10.5423 9.89665 9.44687
 9.05694 8.52971 7.69508 6.53364 5.23442 4.09787
 3.32546 2.91413 2.75481 2.74573 2.82242 2.94895
 3.1057 3.28146 3.46892 11.5733 11.8191 11.8444
 11.8643 11.9384 12.0782 12.29 12.5747 12.9275
 13.3408 13.8057 14.314 14.8555 15.4129 15.9518
 16.4027 16.6365 16.4769 15.8325 14.8184 13.6365
 12.4425 11.3322 10.3581 9.53833 8.85364 8.23828
 7.5855 6.79893 5.86489 4.87695 3.98394 3.29918
 2.84992 2.59888 2.4909 2.47987 2.53466 2.63595
 2.77161 2.9329 11.787 12.025 12.0843 12.1218
 12.2029 12.3396 12.5365 12.7935 13.1069 13.4698
 13.8728 14.3044 14.7483 15.1796 15.5579 15.8192
 15.8747 15.6345 15.0628 14.2123 13.1896 12.0981
 11.0126 9.97906 9.02596 8.17977 7.45062 6.78049
 6.07922 5.31449 4.52806 3.79862 3.19426 2.74441
 2.44184 2.26109 2.17483 2.16163 2.20698 2.30089
 2.4348 11.8567 12.0486 12.1681 12.2555 12.3583
 12.4977 12.682 12.9123 13.1858 13.4958 13.8325
 14.1824 14.5266 14.8383 15.0793 15.1991 15.1394
 14.8508 14.3162 13.5632 12.6503 11.641 10.5852
 9.51327 8.44744 7.45495 6.68238 6.08467 5.49401
 4.86126 4.21085 3.59184 3.0494 2.60932 2.2763
 2.04146 1.89163 1.81563 1.80642 1.85918 1.96734
 11.8685 12.044 12.1833 12.3014 12.4229 12.5653
 12.7374 12.9417 13.1758 13.4335 13.7048 13.9758
 14.2274 14.4346 14.565 14.5808 14.4432 14.1229
 13.6106 12.9214 12.089 11.1522 10.1422 9.0731
 7.93651 6.73461 5.9833 5.54835 5.05524 4.51034
 3.94509 3.39595 2.89497 2.46298 2.10834 1.83029
 1.62463 1.48891 1.42524 1.43776 1.52441 11.8464
 12.0114 12.1558 12.2868 12.417 12.558 12.7166
 12.895 13.0911 13.299 13.5092 13.7082 13.8786
 13.9986 14.0422 13.9813 13.7897 13.4488 12.9531
 12.3117 11.5456 10.6809 9.74139 8.74301 7.68727
 6.56917 5.77136 5.27899 4.78464 4.2674 3.74202
 3.23006 2.75195 2.32246 1.94918 1.63405 1.37703
 1.18124 1.05867 1.02963 1.10246 11.7971 11.952
 12.0939 12.2266 12.3566 12.4908 12.6336 12.7862
 12.9461 13.108 13.2629 13.3988 13.5004 13.5494
 13.5255 13.4081 13.1789 12.8258 12.3453 11.7441
 11.037 10.2444 9.38985 8.50151 7.62488 6.78061
 5.87888 5.21534 4.65085 4.11734 3.5996 3.10165
 2.6327 2.2009 1.81101 1.46434 1.16078 0.903393
 0.709491 0.629387 0.704395 11.7237 11.8677 12.0025
 12.1299 12.2533 12.3763 12.5012 12.628 12.7541
 12.8743 12.9805 13.0623 13.1067 13.099 13.0233
 12.8643 12.6093 12.2503 11.7853 11.2198 10.5656
 9.83991 9.06455 8.26659 7.47466 6.68023 5.88727
 5.19083 4.58319 4.02779 3.50496 3.00937 2.54238
 2.10682 1.70442 1.33478 0.995787 0.685082 0.406469
 0.232976 0.358575 11.6287 11.7608 11.8855 12.0034
 12.1159 12.2246 12.3302 12.4319 12.5266 12.6096
 12.6737 12.7099 12.7076 12.6548 12.5395 12.3504
 12.0783 11.7181 11.269 10.7358 10.1282 9.46054
 8.75055 8.01788 7.27858 6.53953 5.81762 5.1454
 4.53267 3.96891 3.44249 2.94719 2.48103 2.04391
 1.63576 1.25556 0.901241 0.570312 0.263221 0.04254
