!  GEOIX
!  SURFACE FILE
@Surf_Zmap HEADER                     ,      GRID,       5
      15,-9999, , 4, 1
41, 41, 0, 1000, 0, 1000
         0.0000,         0.0000,         0.0000
@
+ Grid data starts after this line
 -44.1997 -44.103 -44.0512 -44.0835 -44.2176 -44.4386
 -44.7136 -45.0103 -45.3006 -45.5568 -45.7458 -45.829
 -45.776 -45.5861 -45.285 -44.9025 -44.4621 -43.9828
 -43.4848 -42.9889 -42.5017 -42.0135 -41.5191 -41.0265
 -40.5578 -40.1474 -39.8302 -39.6214 -39.5043 -39.4444
 -39.4092 -39.3776 -39.3394 -39.2914 -39.2345 -39.1718
 -39.107 -39.0438 -38.9858 -38.9359 -38.8964 -44.4062
 -44.2447 -44.128 -44.1336 -44.3 -44.5881 -44.938
 -45.3094 -45.6766 -46.0152 -46.2894 -46.439 -46.3998
 -46.1758 -45.8269 -45.3994 -44.9169 -44.3935 -43.8493
 -43.3264 -42.8331 -42.3295 -41.7999 -41.2511 -40.7098
 -40.2287 -39.8764 -39.6868 -39.6213 -39.6124 -39.6119
 -39.5971 -39.5615 -39.5068 -39.4375 -39.3595 -39.2784
 -39.1994 -39.1271 -39.0651 -39.0161 -44.6692 -44.4205
 -44.1871 -44.1306 -44.3586 -44.7393 -45.1666 -45.605
 -46.0404 -46.4601 -46.8394 -47.1008 -47.0696 -46.7732
 -46.367 -45.9028 -45.393 -44.8408 -44.2486 -43.703
 -43.2391 -42.7309 -42.1715 -41.5643 -40.9297 -40.3343
 -39.9194 -39.7803 -39.8076 -39.8656 -39.8965 -39.8872
 -39.8412 -39.7675 -39.6754 -39.5734 -39.4691 -39.3687
 -39.2777 -39.2003 -39.1395 -45.0371 -44.707 -44.3001
 -44.0694 -44.4682 -44.9441 -45.4204 -45.896 -46.371
 -46.8428 -47.3069 -47.7516 -47.6995 -47.297 -46.8614
 -46.3918 -45.886 -45.3439 -44.7746 -44.2421 -43.7608
 -43.2451 -42.6699 -42.0226 -41.2976 -40.5265 -39.9587
 -39.9701 -40.1434 -40.2589 -40.2949 -40.2646 -40.1863
 -40.0765 -39.9485 -39.8127 -39.6775 -39.5498 -39.4355
 -39.3393 -39.2647 -45.5532 -45.2093 -44.7736 -44.5178
 -44.8325 -45.2626 -45.7142 -46.179 -46.6515 -47.1224
 -47.5722 -47.9287 -47.9402 -47.653 -47.2752 -46.8483
 -46.382 -45.8847 -45.3727 -44.8721 -44.3836 -43.875
 -43.3166 -42.684 -41.9507 -41.0879 -40.1895 -40.5302
 -40.7615 -40.8498 -40.8299 -40.7362 -40.5964 -40.4307
 -40.2531 -40.0738 -39.9004 -39.7397 -39.5977 -39.4796
 -39.3893 -46.2143 -45.9118 -45.5482 -45.3309 -45.401
 -45.6671 -46.0301 -46.4436 -46.88 -47.3121 -47.7003
 -47.9711 -48.0334 -47.8904 -47.6189 -47.269 -46.8659
 -46.428 -45.9734 -45.5172 -45.0617 -44.5945 -44.0979
 -43.5542 -42.9498 -42.3062 -41.8175 -41.7198 -41.7227
 -41.6483 -41.494 -41.289 -41.0584 -40.8189 -40.5806
 -40.3502 -40.133 -39.9346 -39.7609 -39.6178 -39.5102
 -46.9753 -46.6927 -46.2986 -46.003 -45.9246 -46.0518
 -46.3206 -46.6727 -47.063 -47.4516 -47.7948 -48.0408
 -48.1451 -48.0995 -47.9289 -47.6633 -47.3303 -46.9549
 -46.5587 -46.1571 -45.7572 -45.3589 -44.9592 -44.5558
 -44.1514 -43.7646 -43.4379 -43.1758 -42.9038 -42.5846
 -42.2367 -41.885 -41.5445 -41.2216 -40.9178 -40.6335
 -40.37 -40.1307 -39.9216 -39.7506 -39.6245 -47.7905
 -47.4446 -46.8858 -46.4612 -46.2817 -46.3287 -46.5393
 -46.8491 -47.2053 -47.5643 -47.8864 -48.1351 -48.2822
 -48.3146 -48.2314 -48.0417 -47.7714 -47.4535 -47.1138
 -46.7697 -46.4332 -46.1132 -45.8199 -45.5666 -45.3671
 -45.217 -45.039 -44.6807 -44.1339 -43.5359 -42.9721
 -42.4658 -42.0159 -41.6138 -41.2496 -40.9154 -40.6071
 -40.3256 -40.0778 -39.875 -39.7288 -48.6223 -47.9685
 -47.1261 -46.6071 -46.4068 -46.4528 -46.6622 -46.9655
 -47.3104 -47.6577 -47.976 -48.24 -48.4314 -48.5373
 -48.5369 -48.4072 -48.1819 -47.9112 -47.6226 -47.3325
 -47.0544 -46.8029 -46.5972 -46.4631 -46.431 -46.5146
 -46.5938 -46.145 -45.2339 -44.3505 -43.596 -42.964
 -42.4304 -41.9704 -41.5625 -41.1904 -40.844 -40.5215
 -40.2305 -39.9894 -39.8202 -48.231 -47.5826 -46.7868
 -46.3638 -46.2816 -46.4256 -46.6969 -47.0304 -47.3856
 -47.7348 -48.0577 -48.3391 -48.5693 -48.744 -48.8449
 -48.7437 -48.5415 -48.3122 -48.0704 -47.8269 -47.5937
 -47.3863 -47.2265 -47.1442 -47.1781 -47.3725 -47.7693
 -47.1946 -45.9148 -44.8638 -44.0123 -43.322 -42.7539
 -42.2726 -41.8486 -41.4587 -41.0871 -40.7276 -40.3878
 -40.0956 -39.8961 -46.9088 -46.3846 -45.8914 -45.775
 -45.9708 -46.3069 -46.686 -47.0704 -47.4449 -47.7998
 -48.1267 -48.4183 -48.6695 -48.8764 -49.0176 -48.9684
 -48.8201 -48.6428 -48.448 -48.2435 -48.0384 -47.8449
 -47.6806 -47.5675 -47.5274 -47.5585 -47.5273 -46.9655
 -45.9579 -44.986 -44.1719 -43.511 -42.9702 -42.5133
 -42.1082 -41.7278 -41.3511 -40.9655 -40.5729 -40.2051
 -39.9538 -45.7536 -45.0361 -44.6844 -45.0394 -45.6532
 -46.218 -46.6996 -47.1226 -47.5063 -47.859 -48.182
 -48.4727 -48.7257 -48.9305 -49.0602 -49.0822 -49.0172
 -48.9029 -48.7563 -48.5846 -48.3925 -48.1864 -47.9753
 -47.7687 -47.5668 -47.3381 -46.9821 -46.3726 -45.5706
 -44.7752 -44.0951 -43.5407 -43.0859 -42.699 -42.3499
 -42.011 -41.6573 -41.2693 -40.8376 -40.3718 -39.9905
 -45.0616 -43.8944 -43.3575 -44.6042 -45.637 -46.3097
 -46.8066 -47.2179 -47.5828 -47.917 -48.2248 -48.5047
 -48.7509 -48.9523 -49.0929 -49.1603 -49.1597 -49.1051
 -49.0054 -48.8624 -48.6741 -48.4389 -48.1569 -47.8284
 -47.4459 -46.9847 -46.4064 -45.7075 -44.9798 -44.3477
 -43.8483 -43.4528 -43.1276 -42.8465 -42.5861 -42.3216
 -42.0254 -41.6726 -41.2517 -40.7762 -40.3704 -45.2908
 -44.431 -43.7814 -45.5361 -46.1972 -46.6493 -47.0231
 -47.3589 -47.6731 -47.9714 -48.2538 -48.5166 -48.7533
 -48.9547 -49.1107 -49.2141 -49.264 -49.2624 -49.2084
 -49.0944 -48.9088 -48.6397 -48.28 -47.8274 -47.2782
 -46.6221 -45.8529 -45.0128 -44.2689 -43.7999 -43.519
 -43.3097 -43.1332 -42.9763 -42.8267 -42.6654 -42.4623
 -42.1829 -41.8186 -41.4213 -41.1159 -46.1586 -46.6916
 -47.9467 -47.2323 -47.0103 -47.0952 -47.2839 -47.5129
 -47.7593 -48.0119 -48.2631 -48.5058 -48.7323 -48.9348
 -49.1058 -49.2395 -49.3325 -49.3805 -49.3745 -49.297
 -49.1226 -48.8256 -48.3922 -47.8253 -47.1349 -46.3265
 -45.4012 -44.3768 -43.4595 -43.2601 -43.224 -43.1842
 -43.142 -43.1039 -43.0705 -43.0317 -42.9563 -42.7795
 -42.4677 -42.1073 -41.8128 -46.7304 -47.2897 -47.7833
 -47.695 -47.4825 -47.4236 -47.4902 -47.6314 -47.8155
 -48.0238 -48.2439 -48.4662 -48.6825 -48.8854 -49.0689
 -49.2281 -49.3591 -49.4556 -49.5044 -49.479 -49.3359
 -49.0257 -48.5245 -47.8524 -47.0485 -46.1426 -45.1523
 -44.1013 -43.1887 -43.0544 -43.0933 -43.1352 -43.179
 -43.2318 -43.2989 -43.3812 -43.4647 -43.4369 -43.1173
 -42.7409 -42.4366 -46.8976 -47.2962 -47.5957 -47.6595
 -47.5964 -47.5559 -47.5855 -47.6789 -47.8198 -47.9932
 -48.187 -48.3912 -48.5975 -48.799 -48.9906 -49.1688
 -49.3311 -49.4729 -49.5829 -49.6324 -49.5577 -49.2596
 -48.6856 -47.902 -47.0042 -46.0522 -45.0886 -44.1831
 -43.5018 -43.1968 -43.1351 -43.168 -43.244 -43.3495
 -43.482 -43.6432 -43.8357 -43.9928 -43.6129 -43.2496
 -42.9615 -46.8563 -47.1585 -47.3889 -47.4998 -47.5249
 -47.5328 -47.5682 -47.6451 -47.7623 -47.9124 -48.0866
 -48.276 -48.4724 -48.6694 -48.8628 -49.0503 -49.2317
 -49.407 -49.5732 -49.7145 -49.7693 -49.5373 -48.845
 -47.9181 -46.9398 -45.9764 -45.0713 -44.2844 -43.699
 -43.3637 -43.2358 -43.2378 -43.3163 -43.4432 -43.6032
 -43.7826 -43.951 -44.0072 -43.8502 -43.6072 -43.3813
 -46.717 -46.9671 -47.167 -47.296 -47.3665 -47.4117
 -47.4626 -47.5376 -47.6438 -47.7802 -47.9414 -48.1193
 -48.3059 -48.4945 -48.6811 -48.8644 -49.0458 -49.2288
 -49.4184 -49.62 -49.8333 -49.857 -48.8525 -47.7835
 -46.7673 -45.8266 -44.9887 -44.2912 -43.7736 -43.4531
 -43.3084 -43.2955 -43.3722 -43.5064 -43.6733 -43.8474
 -43.991 -44.0498 -43.9951 -43.8662 -43.7192 -46.5277
 -46.7498 -46.9355 -47.0728 -47.1664 -47.2335 -47.2958
 -47.3714 -47.472 -47.6011 -47.7549 -47.9248 -48.1015
 -48.2773 -48.4475 -48.6108 -48.7682 -48.9229 -49.078
 -49.2325 -49.3582 -49.2069 -48.3786 -47.379 -46.4181
 -45.5443 -44.7872 -44.1738 -43.7244 -43.4438 -43.3165
 -43.3123 -43.3975 -43.5408 -43.714 -43.8889 -44.0339
 -44.1188 -44.1308 -44.0847 -44.009 -46.3102 -46.5193
 -46.7004 -46.844 -46.9496 -47.0266 -47.0912 -47.1628
 -47.2579 -47.3836 -47.5354 -47.7013 -47.8683 -48.0269
 -48.1713 -48.2993 -48.4103 -48.5038 -48.5739 -48.6005
 -48.522 -48.2001 -47.553 -46.7279 -45.8868 -45.1135
 -44.4519 -43.9286 -43.5568 -43.3361 -43.2517 -43.2791
 -43.3891 -43.5526 -43.7422 -43.9313 -44.095 -44.2134
 -44.278 -44.2945 -44.2775 -46.0755 -46.2828 -46.4683
 -46.6211 -46.7355 -46.8141 -46.8701 -46.9274 -47.0128
 -47.1389 -47.2962 -47.4635 -47.6216 -47.7587 -47.8689
 -47.9494 -47.9976 -48.0107 -47.9756 -47.8676 -47.6408
 -47.2385 -46.6488 -45.942 -45.2175 -44.5518 -43.9925
 -43.5664 -43.2836 -43.1401 -43.1199 -43.1994 -43.3518
 -43.5501 -43.769 -43.9852 -44.1785 -44.334 -44.4445
 -44.5114 -44.5424 -45.8283 -46.0446 -46.2456 -46.4165
 -46.5441 -46.6215 -46.6568 -46.682 -46.748 -46.8816
 -47.0575 -47.2334 -47.3824 -47.4929 -47.5613 -47.5858
 -47.5639 -47.4897 -47.3507 -47.1267 -46.7918 -46.3274
 -45.7458 -45.0998 -44.4609 -43.8908 -43.4311 -43.106
 -42.9227 -42.8724 -42.935 -43.0851 -43.2962 -43.5434
 -43.8038 -44.0575 -44.2878 -44.4824 -44.6348 -44.7444
 -44.8152 -45.5685 -45.8051 -46.0362 -46.2421 -46.3989
 -46.4839 -46.4893 -46.45 -46.4741 -46.6362 -46.8533
 -47.0424 -47.1763 -47.2515 -47.2699 -47.2325 -47.1377
 -46.9794 -46.747 -46.4261 -46.0036 -45.4777 -44.8724
 -44.2431 -43.6575 -43.1646 -42.7953 -42.5712 -42.4968
 -42.5552 -42.7176 -42.9539 -43.2372 -43.5444 -43.8558
 -44.1545 -44.4264 -44.6613 -44.853 -44.9997 -45.1036
 -45.2908 -45.5589 -45.8384 -46.1055 -46.3242 -46.4499
 -46.4413 -46.2933 -46.2019 -46.4678 -46.745 -46.9306
 -47.0294 -47.0537 -47.0125 -46.9093 -46.743 -46.5083
 -46.1962 -45.7961 -45.3002 -44.7109 -44.0544 -43.4006
 -42.8437 -42.4122 -42.1165 -41.9881 -42.033 -42.2171
 -42.4947 -42.8287 -43.1928 -43.5668 -43.9347 -44.2826
 -44.5989 -44.8744 -45.103 -45.2822 -45.4133 -44.9841
 -45.292 -45.6392 -46.0013 -46.3331 -46.5675 -46.6284
 -46.4626 -46.238 -46.5751 -46.8132 -46.9312 -46.9572
 -46.9099 -46.7993 -46.6284 -46.3955 -46.0953 -45.7196
 -45.2596 -44.7086 -44.0653 -43.3419 -42.604 -42.0791
 -41.6957 -41.4326 -41.3842 -41.5666 -41.8974 -42.3011
 -42.737 -43.183 -43.6247 -44.0501 -44.4484 -44.8096
 -45.125 -45.3882 -45.5958 -45.7483 -44.6318 -44.9801
 -45.4084 -45.9001 -46.4069 -46.8421 -47.0948 -47.1092
 -47.0267 -47.04 -47.0652 -47.0371 -46.9522 -46.8156
 -46.6299 -46.3935 -46.1024 -45.75 -45.329 -44.8318
 -44.2525 -43.5891 -42.8463 -42.0627 -41.543 -41.1233
 -40.7894 -40.7886 -41.1582 -41.6549 -42.1804 -42.7082
 -43.2275 -43.7306 -44.2099 -44.6567 -45.0618 -45.4161
 -45.7117 -45.9436 -46.1116 -44.2141 -44.5893 -45.0969
 -45.7394 -46.4785 -47.2118 -47.756 -47.9335 -47.8078
 -47.5953 -47.3897 -47.1896 -46.9804 -46.7513 -46.4938
 -46.2001 -45.8626 -45.474 -45.0272 -44.5164 -43.939
 -43.2982 -42.6118 -41.9366 -41.355 -40.8352 -40.3194
 -40.3116 -40.946 -41.5699 -42.1772 -42.768 -43.3409
 -43.8927 -44.4179 -44.9092 -45.3566 -45.7491 -46.0755
 -46.328 -46.5051 -43.7155 -44.0828 -44.6404 -45.4243
 -46.4219 -47.5433 -48.5273 -48.8218 -48.4903 -48.0468
 -47.6509 -47.308 -46.9947 -46.689 -46.3743 -46.0378
 -45.6696 -45.2617 -44.8079 -44.3048 -43.7532 -43.1612
 -42.5494 -41.9538 -41.4096 -40.9263 -40.5502 -40.5923
 -41.0939 -41.698 -42.3153 -42.9275 -43.5279 -44.1116
 -44.6726 -45.2029 -45.6911 -46.1225 -46.4802 -46.7503
 -46.9288 -43.1363 -43.4357 -43.9764 -44.8475 -46.0596
 -47.5424 -49.1961 -49.5318 -48.8272 -48.2317 -47.7401
 -47.3234 -46.9522 -46.6019 -46.254 -45.8946 -45.5135
 -45.1033 -44.6593 -44.1804 -43.6702 -43.1387 -42.6047
 -42.0946 -41.6384 -41.272 -41.068 -41.1406 -41.4945
 -42.0046 -42.579 -43.1771 -43.7806 -44.3793 -44.965
 -45.5285 -46.0569 -46.531 -46.9245 -47.2109 -47.381
 -42.5117 -42.6623 -43.0731 -43.9446 -45.2804 -46.8571
 -48.3493 -48.8692 -48.5157 -48.0464 -47.6039 -47.2015
 -46.8293 -46.4733 -46.1204 -45.7601 -45.3842 -44.9873
 -44.5672 -44.1245 -43.6647 -43.1986 -42.7432 -42.3216
 -41.9628 -41.7044 -41.5971 -41.6877 -41.9752 -42.4072
 -42.9258 -43.4913 -44.0807 -44.6799 -45.2791 -45.8688
 -46.4365 -46.9608 -47.4031 -47.7093 -47.8551 -41.9321
 -41.8688 -41.9692 -42.7617 -44.2413 -45.7748 -47.0222
 -47.6758 -47.7592 -47.5632 -47.2708 -46.9516 -46.6269
 -46.3003 -45.9686 -45.6276 -45.2733 -44.9033 -44.5177
 -44.1193 -43.7146 -43.3146 -42.9351 -42.5967 -42.3248
 -42.1496 -42.1032 -42.2082 -42.4634 -42.8429 -43.3117
 -43.8396 -44.4049 -44.9931 -45.5939 -46.1993 -46.8003
 -47.3811 -47.8998 -48.2437 -48.3308 -41.5305 -41.33
 -41.0991 -41.7679 -43.37 -44.7962 -45.9169 -46.6228
 -46.927 -46.953 -46.824 -46.6155 -46.3658 -46.092
 -45.8012 -45.4954 -45.1755 -44.8426 -44.4991 -44.1496
 -43.8016 -43.4657 -43.1565 -42.8916 -42.692 -42.5801
 -42.5766 -42.6943 -42.9323 -43.2761 -43.7044 -44.1954
 -44.7312 -45.2986 -45.8879 -46.4922 -47.1067 -47.7267
 -48.3428 -48.8077 -48.7328 -41.3808 -41.2446 -41.2701
 -41.8539 -42.9705 -44.1289 -45.098 -45.7854 -46.1837
 -46.347 -46.3473 -46.2438 -46.0752 -45.8649 -45.6257
 -45.3653 -45.0884 -44.7993 -44.5024 -44.2038 -43.9115
 -43.6359 -43.3898 -43.1883 -43.0479 -42.9851 -43.014
 -43.1425 -43.3702 -43.6884 -44.0832 -44.5393 -45.0423
 -45.5805 -46.1443 -46.7266 -47.3207 -47.919 -48.4996
 -48.9039 -48.8865 -41.4254 -41.4064 -41.5782 -42.0734
 -42.8608 -43.7398 -44.5363 -45.1576 -45.5766 -45.8106
 -45.898 -45.8783 -45.7835 -45.6363 -45.4522 -45.2415
 -45.0118 -44.7695 -44.521 -44.2731 -44.0341 -43.8138
 -43.6236 -43.4761 -43.3842 -43.3604 -43.4145 -43.5518
 -43.7723 -44.0704 -44.4365 -44.8594 -45.3274 -45.8297
 -46.3566 -46.8982 -47.4427 -47.9699 -48.4345 -48.7424
 -48.8361 -41.5673 -41.6268 -41.8424 -42.2603 -42.854
 -43.5254 -44.1672 -44.7053 -45.1057 -45.3668 -45.5057
 -45.5462 -45.5117 -45.4212 -45.2897 -45.1285 -44.9465
 -44.7515 -44.5506 -44.3514 -44.1622 -43.992 -43.8508
 -43.7491 -43.6973 -43.7047 -43.7786 -43.9228 -44.1373
 -44.4183 -44.7587 -45.1497 -45.5817 -46.0443 -46.5273
 -47.0185 -47.5023 -47.9545 -48.3375 -48.6051 -48.7368
 -41.7448 -41.8453 -42.0647 -42.4186 -42.8863 -43.4124
 -43.9309 -44.3882 -44.7533 -45.0158 -45.1809 -45.2614
 -45.2728 -45.2299 -45.1456 -45.0306 -44.8941 -44.7442
 -44.5886 -44.435 -44.2912 -44.1657 -44.0672 -44.0044
 -43.9858 -44.0185 -44.108 -44.2572 -44.466 -44.7315
 -45.0482 -45.4089 -45.805 -46.2271 -46.6642 -47.1037
 -47.5293 -47.9196 -48.2483 -48.4906 -48.6366 -41.9298
 -42.0482 -42.2564 -42.5583 -42.9378 -43.3607 -43.7846
 -44.1721 -44.4974 -44.7483 -44.9234 -45.0285 -45.0733
 -45.0685 -45.0244 -44.9505 -44.8556 -44.7474 -44.6335
 -44.5214 -44.4186 -44.3326 -44.271 -44.2412 -44.25
 -44.3033 -44.405 -44.5574 -44.7604 -45.0114 -45.3061
 -45.6382 -46.0001 -46.3828 -46.776 -47.1674 -47.5424
 -47.8838 -48.1735 -48.3965 -48.547 -42.1113 -42.2349
 -42.4268 -42.6865 -43.0016 -43.349 -43.7009 -44.0307
 -44.3183 -44.5519 -44.7273 -44.8464 -44.9146 -44.9393
 -44.9284 -44.89 -44.8317 -44.7609 -44.6845 -44.6095
 -44.5429 -44.4913 -44.4615 -44.4596 -44.4913 -44.5611
 -44.6722 -44.8264 -45.0233 -45.2607 -45.535 -45.8405
 -46.1706 -46.5169 -46.8701 -47.219 -47.5514 -47.8538
 -48.1134 -48.3204 -48.4706 -42.2858 -42.408 -42.5829
 -42.8083 -43.0746 -43.3656 -43.6622 -43.9453 -44.1994
 -44.4143 -44.5849 -44.7109 -44.795 -44.842 -44.858
 -44.8494 -44.8227 -44.7845 -44.741 -44.6987 -44.6637
 -44.6419 -44.6391 -44.6607 -44.7111 -44.7943 -44.9126
 -45.0672 -45.2579 -45.4826 -45.738 -46.0193 -46.3204
 -46.634 -46.9517 -47.2641 -47.5608 -47.8316 -48.067
 -48.26 -48.4073 -42.4531 -42.5706 -42.7294 -42.9269
 -43.1553 -43.4033 -43.6569 -43.9024 -44.1279 -44.3249
 -44.4883 -44.6167 -44.7112 -44.775 -44.8122 -44.8282
 -44.8282 -44.8179 -44.8029 -44.7887 -44.7808 -44.7845
 -44.8047 -44.8458 -44.9117 -45.0054 -45.129 -45.2831
 -45.4675 -45.6803 -45.9185 -46.178 -46.4532 -46.7379
 -47.0248 -47.3059 -47.5729 -47.8175 -48.0328 -48.2133
