!  GEOIX
!  SURFACE FILE
@Surf_Zmap HEADER                     ,      GRID,       5
      15,-9999, , 4, 1
41, 41, 0, 1000, 0, 1000
         0.0000,         0.0000,         0.0000
@
+ Grid data starts after this line
 2.97841 3.28675 3.61274 3.94135 4.25536 4.53847
 4.77818 4.96756 5.10535 5.19486 5.24234 5.2556
 5.24301 5.21295 5.17356 5.1327 5.09785 5.07591
 5.07276 5.09266 5.13766 5.20727 5.29862 5.40708
 5.52716 5.65337 5.7809 5.90608 6.02661 6.14161
 6.25149 6.35765 6.46216 6.56729 6.67516 6.78741
 6.90504 7.02833 7.15689 7.28979 7.42579 2.90576
 3.2524 3.62675 4.00833 4.37256 4.6961 4.96191
 5.16192 5.2965 5.37203 5.39808 5.38525 5.34399
 5.28417 5.2151 5.14571 5.08468 5.04037 5.02027
 5.03003 5.0723 5.14613 5.2471 5.36839 5.50226
 5.64126 5.77913 5.91132 6.03521 6.15009 6.25702
 6.35836 6.45726 6.55707 6.6608 6.77068 6.88797
 7.01289 7.14475 7.28217 7.42339 2.80394 3.19592
 3.63191 4.08354 4.51446 4.88999 5.18651 5.39555
 5.52145 5.57607 5.57386 5.52892 5.4539 5.35991
 5.25707 5.15505 5.06368 4.99304 4.95296 4.95138
 4.99225 5.07397 5.1897 5.32933 5.48192 5.63754
 5.78821 5.92839 6.0552 6.16833 6.26978 6.36333
 6.45368 6.54568 6.6435 6.75011 6.86703 6.99427
 7.13062 7.274 7.42188 2.66008 3.1042 3.61948
 4.16618 4.68811 5.13115 5.46212 5.67481 5.78245
 5.80625 5.76747 5.68414 5.57073 5.43897 5.29904
 5.16075 5.03465 4.93278 4.86835 4.85345 4.89472
 4.98973 5.12747 5.29267 5.47005 5.64666 5.81266
 5.96153 6.09017 6.19891 6.29117 6.37273 6.45052
 6.53144 6.62121 6.72368 6.84053 6.97133 7.11399
 7.26535 7.42185 2.45629 2.95628 3.57384 4.25383
 4.90453 5.43594 5.80119 6.00444 6.07782 6.05754
 5.97312 5.84593 5.69113 5.51987 5.34134 5.16444
 4.99956 4.86039 4.76488 4.73277 4.77683 4.89334
 5.06341 5.26335 5.47235 5.67445 5.85811 6.01583
 6.14431 6.2447 6.32243 6.38617 6.44603 6.51171
 6.59094 6.68858 6.80629 6.94276 7.09448 7.25667
 7.42432 2.16955 2.71835 3.4658 4.34017 5.1824
 5.82925 6.21651 6.38252 6.39739 6.31773 6.17998
 6.00625 5.8102 5.60095 5.38545 5.17041 4.96442
 4.78114 4.6437 4.58591 4.636 4.78768 5.00457
 5.24962 5.49665 5.72798 5.93099 6.09707 6.2223
 6.30866 6.36434 6.40225 6.43711 6.48245 6.54849
 6.64114 6.7617 6.90732 7.07218 7.2491 7.4311
 1.77661 2.33765 3.23814 4.40797 5.55561 6.34817
 6.71132 6.78857 6.71529 6.56448 6.37147 6.15402
 5.92176 5.68049 5.43415 5.18628 4.94168 4.70995
 4.51447 4.41057 4.47195 4.68434 4.96615 5.26423
 5.55243 5.81458 6.03771 6.21118 6.32904 6.39352
 6.41662 6.4178 6.41861 6.43772 6.48816 6.57672
 6.70388 6.86418 7.04811 7.24494 7.44512 1.27672
 1.74394 2.77793 4.40405 6.08665 7.03409 7.24096
 7.16095 6.98344 6.7654 6.52688 6.27658 6.01899
 5.7566 5.49074 5.22202 4.95082 4.6788 4.4147
 4.21264 4.29923 4.62073 4.97633 5.32343 5.64827
 5.93934 6.18281 6.36332 6.46932 6.50132 6.47691
 6.42649 6.38229 6.36928 6.4028 6.49001 6.63017
 6.81376 7.02519 7.24845 7.47099 0.760583 0.908824
 1.89596 4.16582 6.8141 7.77569 7.609 7.38182
 7.13884 6.88626 6.62684 6.36274 6.09573 5.82703
 5.55714 5.28567 5.01135 4.73224 4.44648 4.15993
 4.28269 4.68168 5.06944 5.43926 5.78616 6.10072
 6.36579 6.55636 6.64752 6.63274 6.53857 6.41612
 6.3151 6.26659 6.28472 6.37579 6.5392 6.75936
 7.00979 7.2669 7.51542 0.514023 0.251563 0.623905
 3.62105 6.31504 7.46984 7.49899 7.34634 7.14025
 6.90823 6.66147 6.40652 6.14793 5.88893 5.6317
 5.37752 5.12757 4.88533 4.66557 4.52962 4.61947
 4.90626 5.25179 5.6062 5.95425 6.28446 6.57567
 6.78792 6.86761 6.78582 6.58547 6.36258 6.19664
 6.11868 6.12953 6.23118 6.43323 6.71087 7.01446
 7.31167 7.5875 0.807302 0.793153 1.54283 3.46493
 5.40745 6.59362 7.03154 7.09959 7.00861 6.84187
 6.63579 6.40945 6.17452 5.93896 5.70858 5.48803
 5.28237 5.10058 4.96338 4.91331 4.99719 5.20577
 5.48534 5.79686 6.12362 6.4573 6.78073 7.04229
 7.13335 6.95327 6.57809 6.21679 5.99553 5.91998
 5.94885 6.06186 6.32551 6.69378 7.06098 7.39836
 7.6979 1.46078 1.71342 2.45451 3.70552 5.03647
 6.02825 6.57604 6.79359 6.8137 6.72197 6.56752
 6.3796 6.17717 5.97363 5.77914 5.60193 5.44967
 5.33183 5.26289 5.26282 5.34649 5.50786 5.72413
 5.9753 6.25397 6.56372 6.9092 7.26112 7.44522
 7.11248 6.41143 5.88088 5.66888 5.67957 5.7978
 5.94817 6.30006 6.76165 7.17806 7.54342 7.85653
 2.20478 2.55168 3.18419 4.0653 4.99792 5.76743
 6.27553 6.53969 6.62348 6.58798 6.47877 6.328
 6.15901 5.98961 5.83398 5.7035 5.60696 5.55093
 5.54035 5.57838 5.66387 5.78904 5.94238 6.11576
 6.31003 6.53854 6.83202 7.24163 7.73379 7.14575
 5.78507 5.19651 5.18784 5.42855 5.74357 6.08385
 6.49646 6.95549 7.384 7.75694 8.06921 2.93275
 3.29422 3.81851 4.46716 5.13738 5.71509 6.13165
 6.37676 6.47658 6.46857 6.3881 6.26481 6.1231
 5.9836 5.86401 5.77877 5.73761 5.74333 5.79054
 5.86705 5.95802 6.05074 6.13745 6.21551 6.28654
 6.35651 6.43898 6.56509 6.77057 5.63186 4.09104
 4.09438 4.63535 5.24636 5.80534 6.30847 6.78794
 7.25038 7.67352 8.03804 8.33549 3.62196 3.97041
 4.40403 4.89162 5.37622 5.79634 6.10968 6.30265
 6.38484 6.3779 6.30711 6.19726 6.07163 5.95234
 5.86042 5.81454 5.82732 5.89926 6.01382 6.13985
 6.24442 6.30737 6.32409 6.2968 6.22409 6.09222
 5.86061 5.4157 4.41132 2.1877 1.57873 3.08643
 4.3228 5.28863 6.03566 6.6357 7.15206 7.61623
 8.02909 8.3773 8.64912 4.27342 4.60437 4.96544
 5.33167 5.67332 5.96118 6.17325 6.29998 6.34453
 6.31917 6.24111 6.12989 6.0064 5.89317 5.81475
 5.79645 5.85895 6.00614 6.21032 6.41084 6.54336
 6.57845 6.52345 6.39362 6.18994 5.88857 5.42758
 4.68042 3.44881 1.80074 1.67441 3.19512 4.62691
 5.70953 6.48875 7.08273 7.58212 8.02926 8.42879
 8.76058 8.9996 4.89055 5.21173 5.51644 5.78206
 6.00242 6.17427 6.29113 6.34797 6.3453 6.28956
 6.19176 6.06629 5.93064 5.8063 5.72067 5.7083
 5.80699 6.03906 6.37306 6.69713 6.87805 6.87867
 6.74746 6.52869 6.23319 5.84357 5.32089 4.62073
 3.76984 3.09104 3.25969 4.32292 5.58401 6.52423
 7.13821 7.61262 8.04028 8.45072 8.84001 9.16954
 9.37274 5.46957 5.7999 6.06459 6.23317 6.33901
 6.40606 6.4365 6.42672 6.37512 6.28406 6.15964
 6.01124 5.85171 5.69894 5.57978 5.53671 5.63422
 5.9447 6.47087 7.02055 7.26997 7.19858 6.98102
 6.69586 6.35706 5.95765 5.49038 4.97446 4.50818
 4.32364 4.69798 5.67445 6.93069 7.54692 7.82688
 8.12392 8.45609 8.8193 9.20373 9.57314 9.74343
 5.98734 6.35881 6.61109 6.656 6.65031 6.62797
 6.58602 6.51873 6.42271 6.29761 6.1458 5.97195
 5.78318 5.59049 5.41306 5.28938 5.30388 5.62149
 6.38962 7.40062 7.69124 7.45866 7.17094 6.86137
 6.52776 6.17023 5.80235 5.46722 5.25723 5.31382
 5.76842 6.64634 7.76652 8.17763 8.30081 8.49485
 8.75497 9.06712 9.42013 9.79808 9.94032 6.39271
 6.77685 7.0324 6.97008 6.89607 6.81508 6.72131
 6.61008 6.47856 6.32569 6.15159 5.95717 5.74389
 5.51415 5.27298 5.03443 4.84944 4.95129 5.87223
 7.24713 7.67339 7.49278 7.25504 6.98856 6.70317
 6.41329 6.1452 5.94456 5.88008 6.0315 6.45159
 7.10711 7.80248 8.2437 8.47396 8.67301 8.90108
 9.1636 9.44475 9.69529 9.8074 6.66672 6.9593
 7.12911 7.13396 7.0609 6.95636 6.83208 6.69124
 6.53496 6.36363 6.17696 5.97375 5.75169 5.5071
 5.23432 4.92453 4.56319 4.12302 5.20686 6.49332
 7.1654 7.31806 7.24218 7.06995 6.85704 6.63976
 6.45367 6.34044 6.34727 6.51566 6.85812 7.32932
 7.81568 8.20058 8.47287 8.69412 8.90963 9.13178
 9.34812 9.52418 9.6181 6.86334 7.08683 7.21491
 7.23324 7.17004 7.05781 6.91624 6.75644 6.58494
 6.40522 6.21806 6.02197 5.81375 5.58915 5.34389
 5.07798 4.81966 4.76347 5.3772 6.26525 6.88814
 7.16999 7.21531 7.1297 6.98388 6.82706 6.69924
 6.63671 6.67143 6.82395 7.09167 7.43895 7.80303
 8.12631 8.39131 8.61515 8.81924 9.01191 9.18616
 9.32386 9.40726 7.02886 7.21006 7.30946 7.31974
 7.25331 7.13171 6.97551 6.80115 6.62061 6.44112
 6.26538 6.09256 5.9204 5.74783 5.57846 5.4291
 5.35274 5.47053 5.88235 6.44166 6.90408 7.16428
 7.24062 7.19476 7.08751 6.96785 6.8741 6.83623
 6.8758 7.00263 7.21016 7.4736 7.75638 8.02541
 8.26482 8.47564 8.66483 8.83557 8.98395 9.10111
 9.17922 7.1833 7.33825 7.41529 7.40895 7.32689
 7.18669 7.01025 6.81912 6.6311 6.45772 6.30343
 6.16726 6.0473 5.94561 5.87165 5.84609 5.90597
 6.09685 6.42419 6.80479 7.11769 7.29272 7.33056
 7.27233 7.16762 7.05894 6.97824 6.94789 6.98136
 7.0824 7.2439 7.44854 7.67332 7.89708 8.10664
 8.2975 8.46967 8.62295 8.75464 8.86032 8.93647
 7.33442 7.47471 7.5342 7.50657 7.39773 7.22571
 7.01683 6.80007 6.60093 6.43636 6.31166 6.22239
 6.16319 6.13751 6.15825 6.24294 6.40833 6.65811
 6.96198 7.24946 7.44363 7.50837 7.46082 7.3469
 7.21311 7.094 7.01188 6.97984 7.00381 7.08307
 7.21034 7.3728 7.55482 7.74174 7.92293 8.09245
 8.24749 8.38616 8.50622 8.60516 8.68136 7.48427
 7.621 7.66857 7.61657 7.46916 7.24767 6.98717
 6.72839 6.50842 6.3522 6.26546 6.23313 6.23684
 6.28151 6.387 6.56872 6.8302 7.15297 7.483
 7.73381 7.82906 7.75997 7.58687 7.38416 7.20126
 7.06138 6.973 6.93795 6.95455 7.01818 7.12121
 7.25349 7.40369 7.56117 7.71752 7.86705 8.00616
 8.13241 8.24378 8.33861 8.41602 7.63042 7.77707
 7.82165 7.74417 7.54433 7.2493 6.9091 6.58277
 6.32428 6.17148 6.13441 6.17756 6.23951 6.33882
 6.51546 6.78262 7.13826 7.55754 7.96947 8.24139
 8.24212 7.98963 7.64321 7.33231 7.1003 6.94629
 6.85883 6.82725 6.84298 6.89845 6.98594 7.09721
 7.22385 7.3581 7.49355 7.62543 7.75038 7.86605
 7.97066 8.06296 8.14234 7.76427 7.93922 7.99697
 7.89743 7.62822 7.22597 6.76682 6.33709 6.01241
 5.84802 5.86758 6.03846 6.13056 6.26884 6.50759
 6.84543 7.28282 7.81014 8.36951 8.76257 8.65678
 8.09824 7.52423 7.12343 6.87737 6.73774 6.67041
 6.65496 6.679 6.7341 6.81342 6.91069 7.01999
 7.13592 7.25397 7.37061 7.48321 7.58984 7.6891
 7.77995 7.86185 7.86651 8.09431 8.19524 8.08834
 7.72796 7.16907 6.53955 5.96395 5.53788 5.33442
 5.38216 5.60903 5.8134 6.04248 6.34588 6.72905
 7.20358 7.79053 8.511 9.24039 9.01433 7.82371
 7.06439 6.69536 6.51839 6.44003 6.41844 6.43359
 6.47496 6.53625 6.61292 6.70113 6.79736 6.89847
 7.00177 7.10512 7.20686 7.30572 7.40068 7.49093
 7.57586 7.89985 8.20606 8.4027 8.33281 7.84788
 7.05237 6.19509 5.44233 4.88446 4.61557 4.70063
 5.005 5.35134 5.6947 6.05242 6.44007 6.87147
 7.36642 7.97152 8.87969 8.46305 6.50401 6.15783
 6.06889 6.05885 6.0835 6.12691 6.18224 6.24629
 6.31735 6.39428 6.47603 6.56155 6.64982 6.73995
 6.83124 6.92312 7.01508 7.10658 7.19695 7.28549
 7.80398 8.1884 8.54512 8.64529 7.95841 6.78678
 5.67441 4.77321 4.09491 3.70964 3.94769 4.42774
 4.89395 5.31172 5.68928 6.03716 6.3539 6.6115
 6.70366 6.17541 4.08328 4.69666 5.16841 5.4219
 5.59155 5.72169 5.82985 5.9244 6.01018 6.09041
 6.16743 6.24293 6.31815 6.39405 6.47145 6.55106
 6.63348 6.71904 6.80769 6.8989 6.99176 7.51154
 7.89434 8.33725 8.87055 7.73995 6.14063 4.88294
 3.98779 3.37686 2.99809 3.42627 4.01715 4.53896
 4.97591 5.33317 5.61388 5.80337 5.8505 5.63637
 4.99194 4.22425 4.2334 4.61717 4.95713 5.21362
 5.40854 5.56079 5.68277 5.78295 5.8676 5.94161
 6.00885 6.07246 6.13508 6.19904 6.26647 6.33919
 6.41845 6.50472 6.59755 6.69567 7.00222 7.23905
 7.42876 7.34598 6.35078 4.89742 3.74446 3.0983
 2.85245 2.91705 3.31316 3.84841 4.34128 4.742
 5.04614 5.25274 5.34771 5.29714 5.05794 4.64904
 4.28594 4.23405 4.43786 4.7114 4.96404 5.17399
 5.34193 5.47398 5.57725 5.65867 5.72442 5.77976
 5.82913 5.87643 5.92529 5.97919 6.04126 6.11391
 6.1982 6.29364 6.39833 6.34388 6.36109 6.20244
 5.68082 4.62381 3.26262 2.28131 2.12575 2.40941
 2.85398 3.37258 3.87871 4.30357 4.6286 4.8577
 4.99326 5.02907 4.95406 4.76963 4.5244 4.33151
 4.29512 4.41342 4.61221 4.82587 5.01981 5.18065
 5.30626 5.40054 5.46994 5.52119 5.56019 5.59202
 5.62129 5.6526 5.69076 5.74052 5.8058 5.88853
 5.98799 6.10116 5.65185 5.48263 5.09499 4.37347
 3.23728 1.74056 0.597606 1.33445 2.17171 2.94402
 3.59471 4.07398 4.40105 4.62189 4.76315 4.83278
 4.83031 4.75652 4.62563 4.47701 4.37096 4.35662
 4.43986 4.58915 4.7639 4.93198 5.07343 5.18037
 5.25488 5.30391 5.33467 5.35313 5.36423 5.37265
 5.3835 5.40289 5.43771 5.49429 5.57606 5.68175
 5.80618 5.02166 4.74344 4.26467 3.527 2.51192
 1.32157 0.641637 1.32899 2.32429 3.28651 4.02843
 4.41155 4.58522 4.68028 4.73173 4.74343 4.71388
 4.64591 4.55285 4.46103 4.40399 4.40769 4.47769
 4.59925 4.74696 4.89289 5.01199 5.09194 5.13749
 5.15918 5.16501 5.16014 5.14844 5.13383 5.12133
 5.11806 5.13384 5.17939 5.26123 5.37685 5.51673
 4.50229 4.18936 3.72417 3.09736 2.35628 1.67903
 1.44344 1.88455 2.75354 3.79338 4.68315 4.78059
 4.75845 4.73966 4.71968 4.68907 4.64229 4.58038
 4.51247 4.45498 4.42718 4.44388 4.5094 4.61675
 4.75031 4.88606 4.98746 5.0322 5.04028 5.03056
 5.01011 4.98173 4.94732 4.90921 4.87134 4.84096
 4.83114 4.86102 4.94503 5.07732 5.23862 4.1025
 3.80623 3.41109 2.93724 2.45321 2.09895 2.05899
 2.42958 3.13709 4.03333 4.79117 4.8631 4.79827
 4.73915 4.68807 4.63846 4.5862 4.53205 4.48204
 4.44638 4.43656 4.46148 4.52449 4.62276 4.74862
 4.88923 4.99162 4.98146 4.94811 4.90965 4.8665
 4.81803 4.76396 4.70475 4.64225 4.58151 4.53613
 4.53934 4.6307 4.79259 4.9822 3.80739 3.55419
 3.24561 2.91191 2.61402 2.44346 2.49438 2.80876
 3.34178 3.9648 4.45793 4.66235 4.68977 4.66159
 4.61924 4.57343 4.52733 4.48401 4.44856 4.42787
 4.42919 4.45805 4.51669 4.60361 4.71403 4.83921
 4.92856 4.89387 4.84235 4.78841 4.73122 4.66937
 4.60174 4.52755 4.44657 4.3596 4.27146 4.21674
 4.33411 4.54584 4.76402 3.59327 3.39122 3.16354
 2.9395 2.765 2.69665 2.7832 3.03933 3.42783
 3.85945 4.21755 4.42975 4.5164 4.53304 4.51785
 4.48968 4.45772 4.4279 4.40552 4.39598 4.40419
 4.43358 4.48509 4.55647 4.64111 4.7236 4.77088
 4.76115 4.71926 4.66491 4.60371 4.53663 4.46339
 4.38344 4.29632 4.20181 4.10088 4.00978 4.14884
 4.37762 4.60184 3.43689 3.28376 3.123 2.97876
 2.88316 2.87039 2.96529 3.17001 3.45588 3.76682
 4.03853 4.22956 4.33799 4.38617 4.39827 4.39148
 4.37673 4.36137 4.351 4.35028 4.36282 4.39068
 4.43374 4.48891 4.549 4.60126 4.62909 4.62379
 4.5919 4.54382 4.48583 4.4207 4.34965 4.27354
 4.19384 4.1144 4.04699 4.0298 4.12336 4.29903
