curves :  depth value
2600.000000 0.000000 
2602.000000 0.128604 
2604.000000 0.486267 
2606.000000 0.271953 
2608.000000 -0.245708 
2610.000000 0.040343 
2612.000000 0.449350 
2614.000000 -0.099833 
2616.000000 -0.634479 
2618.000000 -0.297154 
2620.000000 0.008668 
2622.000000 -0.037144 
2624.000000 0.174870 
2626.000000 0.256731 
2628.000000 -0.072101 
2630.000000 0.095371 
2632.000000 0.588104 
2634.000000 0.176124 
2636.000000 -0.577210 
2638.000000 -0.386160 
2640.000000 0.061645 
2642.000000 -0.106329 
2644.000000 -0.180656 
2646.000000 0.060569 
2648.000000 0.010105 
2650.000000 0.091608 
2652.000000 0.581455 
2654.000000 0.419083 
2656.000000 -0.364327 
2658.000000 -0.363776 
2660.000000 0.169853 
2662.000000 -0.024174 
2664.000000 -0.438038 
2666.000000 -0.227632 
2668.000000 -0.001605 
2670.000000 0.039226 
2672.000000 0.409174 
2674.000000 0.502707 
2676.000000 -0.109126 
2678.000000 -0.257235 
2680.000000 0.298266 
2682.000000 0.190359 
2684.000000 -0.498031 
2686.000000 -0.482493 
2688.000000 -0.059401 
2690.000000 -0.010448 
2692.000000 0.129683 
2694.000000 0.371360 
2696.000000 0.068635 
2698.000000 -0.129197 
2700.000000 0.382909 
2702.000000 0.445786 
2704.000000 -0.351057 
2706.000000 -0.602601 
2708.000000 -0.099734 
2710.000000 0.005575 
2712.000000 -0.141373 
2714.000000 0.067112 
2716.000000 0.098797 
2718.000000 -0.037584 
2720.000000 0.368746 
2722.000000 0.617593 
2724.000000 -0.081257 
2726.000000 -0.555186 
2728.000000 -0.082780 
2730.000000 0.121362 
2732.000000 -0.284077 
2734.000000 -0.289794 
2736.000000 -0.011309 
2738.000000 -0.002651 
2740.000000 0.246887 
2742.000000 0.608030 
2744.000000 0.174020 
2746.000000 -0.384248 
2748.000000 -0.013981 
2750.000000 0.314173 
2752.000000 -0.233283 
2754.000000 -0.557393 
2756.000000 -0.188842 
2758.000000 0.000325 
2760.000000 0.068567 
2762.000000 0.396592 
2764.000000 0.289312 
2766.000000 -0.180833 
2768.000000 0.063732 
2770.000000 0.507222 
2772.000000 -0.013802 
2774.000000 -0.637612 
2776.000000 -0.338258 
2778.000000 0.019836 
2780.000000 -0.074681 
2782.000000 0.054908 
2784.000000 0.208842 
2786.000000 -0.033374 
2788.000000 0.101135 
2790.000000 0.604567 
2792.000000 0.267285 
2794.000000 -0.519227 
2796.000000 -0.390850 
2798.000000 0.092167 
2800.000000 -0.096637 
