curves :  depth value
2600.000000 0.000000 
2602.000000 0.125055 
2604.000000 0.460351 
2606.000000 0.197114 
2608.000000 -0.387033 
2610.000000 -0.162074 
2612.000000 0.217852 
2614.000000 -0.311518 
2616.000000 -0.780662 
2618.000000 -0.357537 
2620.000000 0.014774 
2622.000000 -0.022148 
2624.000000 0.121200 
2626.000000 0.066456 
2628.000000 -0.427679 
2630.000000 -0.397640 
2632.000000 0.038700 
2634.000000 -0.320329 
2636.000000 -0.921525 
2638.000000 -0.527419 
2640.000000 0.103228 
2642.000000 0.029159 
2644.000000 -0.080346 
2646.000000 0.002080 
2648.000000 -0.278888 
2650.000000 -0.417811 
2652.000000 -0.055289 
2654.000000 -0.198109 
2656.000000 -0.811589 
2658.000000 -0.540831 
2660.000000 0.275803 
2662.000000 0.283171 
2664.000000 -0.078387 
2666.000000 0.019623 
2668.000000 0.011478 
2670.000000 -0.216556 
2672.000000 -0.049469 
2674.000000 -0.014307 
2676.000000 -0.511915 
2678.000000 -0.405730 
2680.000000 0.462387 
2682.000000 0.623467 
2684.000000 0.074403 
2686.000000 0.059684 
2688.000000 0.302615 
2690.000000 0.092890 
2692.000000 -0.007205 
2694.000000 0.100546 
2696.000000 -0.181745 
2698.000000 -0.212269 
2700.000000 0.555386 
2702.000000 0.874656 
2704.000000 0.250649 
2706.000000 0.036413 
2708.000000 0.438160 
2710.000000 0.348543 
2712.000000 -0.013355 
2714.000000 0.035410 
2716.000000 0.012761 
2718.000000 -0.063393 
2720.000000 0.485799 
2722.000000 0.901777 
2724.000000 0.332582 
2726.000000 -0.091929 
2728.000000 0.339340 
2730.000000 0.434191 
2732.000000 -0.105464 
2734.000000 -0.224719 
2736.000000 -0.008445 
2738.000000 -0.004533 
2740.000000 0.280580 
2742.000000 0.687657 
2744.000000 0.281660 
2746.000000 -0.281085 
2748.000000 0.055953 
2750.000000 0.339862 
2752.000000 -0.241775 
2754.000000 -0.577265 
2756.000000 -0.200035 
2758.000000 0.000558 
2760.000000 0.059718 
2762.000000 0.341415 
2764.000000 0.150741 
2766.000000 -0.419616 
2768.000000 -0.258044 
2770.000000 0.153746 
2772.000000 -0.329238 
2774.000000 -0.853218 
2776.000000 -0.427146 
2778.000000 0.033658 
2780.000000 -0.030029 
2782.000000 0.033565 
2784.000000 0.035318 
2786.000000 -0.399445 
2788.000000 -0.431271 
2790.000000 -0.004473 
2792.000000 -0.292870 
2794.000000 -0.912622 
2796.000000 -0.550984 
2798.000000 0.153008 
2800.000000 0.094358 
