curves :  depth value
2600.000000 0.000000 
2602.000000 0.081769 
2604.000000 -0.175218 
2606.000000 -0.378019 
2608.000000 0.793967 
2610.000000 0.081457 
2612.000000 -0.917714 
2614.000000 0.362085 
2616.000000 0.309308 
2618.000000 -0.148001 
2620.000000 0.002502 
2622.000000 -0.033720 
2624.000000 -0.046740 
2626.000000 -0.276798 
2628.000000 0.553382 
2630.000000 0.208376 
2632.000000 -0.890335 
2634.000000 0.259681 
2636.000000 0.405320 
2638.000000 -0.160949 
2640.000000 0.018367 
2642.000000 -0.176916 
2644.000000 0.032959 
2646.000000 -0.060697 
2648.000000 0.260509 
2650.000000 0.238526 
2652.000000 -0.717309 
2654.000000 0.122754 
2656.000000 0.432848 
2658.000000 -0.132755 
2660.000000 0.053423 
2662.000000 -0.313765 
2664.000000 0.035897 
2666.000000 0.232948 
2668.000000 -0.008457 
2670.000000 0.141391 
2672.000000 -0.441625 
2674.000000 0.007256 
2676.000000 0.383402 
2678.000000 -0.085061 
2680.000000 0.101561 
2682.000000 -0.407830 
2684.000000 -0.040053 
2686.000000 0.540399 
2688.000000 -0.187899 
2690.000000 -0.073436 
2692.000000 -0.130703 
2694.000000 -0.044155 
2696.000000 0.271495 
2698.000000 -0.039809 
2700.000000 0.145407 
2702.000000 -0.432337 
2704.000000 -0.168337 
2706.000000 0.788729 
2708.000000 -0.241916 
2710.000000 -0.358551 
2712.000000 0.143321 
2714.000000 -0.014157 
2716.000000 0.128382 
2718.000000 -0.011055 
2720.000000 0.162091 
2722.000000 -0.380023 
2724.000000 -0.300213 
2726.000000 0.916636 
2728.000000 -0.174559 
2730.000000 -0.642429 
2732.000000 0.323882 
2734.000000 0.085811 
2736.000000 -0.008967 
2738.000000 -0.000761 
2740.000000 0.132149 
2742.000000 -0.267145 
2744.000000 -0.379023 
2746.000000 0.892571 
2748.000000 -0.027993 
2750.000000 -0.850311 
2752.000000 0.384808 
2754.000000 0.221266 
2756.000000 -0.109719 
2758.000000 0.000093 
2760.000000 0.048272 
2762.000000 -0.129789 
2764.000000 -0.358114 
2766.000000 0.724564 
2768.000000 0.130882 
2770.000000 -0.925960 
2772.000000 0.335493 
2774.000000 0.347185 
2776.000000 -0.157877 
2778.000000 0.005773 
2780.000000 -0.079550 
2782.000000 -0.013142 
2784.000000 -0.216829 
2786.000000 0.458508 
2788.000000 0.231332 
2790.000000 -0.847757 
2792.000000 0.215333 
2794.000000 0.422927 
2796.000000 -0.155218 
2798.000000 0.027885 
2800.000000 -0.224776 
