curves :  depth value
2600.000000 0.000000 
2602.000000 0.746371 
2604.000000 -0.025182 
2606.000000 0.204983 
2608.000000 0.039699 
2610.000000 0.122228 
2612.000000 0.079895 
2614.000000 -0.078671 
2616.000000 -0.058739 
2618.000000 -0.913520 
2620.000000 0.014548 
2622.000000 0.472775 
2624.000000 -0.197040 
2626.000000 0.184397 
2628.000000 0.062915 
2630.000000 0.314917 
2632.000000 0.219053 
2634.000000 0.145681 
2636.000000 -0.043759 
2638.000000 -0.908963 
2640.000000 0.105749 
2642.000000 0.198036 
2644.000000 -0.385680 
2646.000000 0.041010 
2648.000000 -0.031616 
2650.000000 0.378585 
2652.000000 0.288835 
2654.000000 0.369948 
2656.000000 0.016223 
2658.000000 -0.739318 
2660.000000 0.303289 
2662.000000 0.015574 
2664.000000 -0.497891 
2666.000000 -0.142380 
2668.000000 -0.196563 
2670.000000 0.300977 
2672.000000 0.238163 
2674.000000 0.495941 
2676.000000 0.033712 
2678.000000 -0.478150 
2680.000000 0.568476 
2682.000000 -0.037888 
2684.000000 -0.469562 
2686.000000 -0.268737 
2688.000000 -0.339990 
2690.000000 0.139393 
2692.000000 0.083524 
2694.000000 0.474275 
2696.000000 -0.062011 
2698.000000 -0.227120 
2700.000000 0.810281 
2702.000000 0.003387 
2704.000000 -0.302366 
2706.000000 -0.277803 
2708.000000 -0.374102 
2710.000000 -0.011091 
2712.000000 -0.097775 
2714.000000 0.327232 
2716.000000 -0.282528 
2718.000000 -0.063893 
2720.000000 0.930665 
2722.000000 0.057466 
2724.000000 -0.066074 
2726.000000 -0.176634 
2728.000000 -0.262702 
2730.000000 -0.068662 
2732.000000 -0.207495 
2734.000000 0.133870 
2736.000000 -0.568924 
2738.000000 -0.004432 
2740.000000 0.875302 
2742.000000 0.042823 
2744.000000 0.135127 
2746.000000 -0.033618 
2748.000000 -0.041991 
2750.000000 -0.007821 
2752.000000 -0.178458 
2754.000000 -0.014319 
2756.000000 -0.817954 
2758.000000 0.000543 
2760.000000 0.662775 
2762.000000 -0.074847 
2764.000000 0.214773 
2766.000000 0.060530 
2768.000000 0.196563 
2770.000000 0.128422 
2772.000000 -0.011042 
2774.000000 -0.063248 
2776.000000 -0.932295 
2778.000000 0.033475 
2780.000000 0.376606 
2782.000000 -0.262243 
2784.000000 0.147331 
2786.000000 0.043663 
2788.000000 0.352426 
2790.000000 0.253539 
2792.000000 0.225279 
2794.000000 -0.024825 
2796.000000 -0.868588 
2798.000000 0.159857 
2800.000000 0.124152 
