curves :  depth value
2600.000000 0.000000 
2602.000000 0.443678 
2604.000000 -0.037269 
2606.000000 -0.380941 
2608.000000 -0.028025 
2610.000000 -0.162643 
2612.000000 -0.037162 
2614.000000 0.093450 
2616.000000 -0.141018 
2618.000000 -0.733715 
2620.000000 0.019241 
2622.000000 0.147766 
2624.000000 -0.186382 
2626.000000 -0.610657 
2628.000000 -0.055908 
2630.000000 -0.412264 
2632.000000 -0.028049 
2634.000000 -0.107080 
2636.000000 -0.234597 
2638.000000 -0.876251 
2640.000000 0.136432 
2642.000000 -0.020387 
2644.000000 -0.209807 
2646.000000 -0.665449 
2648.000000 0.032583 
2650.000000 -0.479130 
2652.000000 0.117547 
2654.000000 -0.135262 
2656.000000 -0.192156 
2658.000000 -0.805279 
2660.000000 0.374639 
2662.000000 -0.013050 
2664.000000 -0.097051 
2666.000000 -0.525533 
2668.000000 0.224206 
2670.000000 -0.360863 
2672.000000 0.363056 
2674.000000 -0.013914 
2676.000000 -0.062920 
2678.000000 -0.566761 
2680.000000 0.657422 
2682.000000 0.108620 
2684.000000 0.064928 
2686.000000 -0.276988 
2688.000000 0.416037 
2690.000000 -0.154360 
2692.000000 0.589875 
2694.000000 0.145739 
2696.000000 0.033135 
2698.000000 -0.285260 
2700.000000 0.851799 
2702.000000 0.220256 
2704.000000 0.145916 
2706.000000 -0.054348 
2708.000000 0.479779 
2710.000000 0.010952 
2712.000000 0.670302 
2714.000000 0.218810 
2716.000000 -0.015871 
2718.000000 -0.083274 
2720.000000 0.851705 
2722.000000 0.218133 
2724.000000 0.057606 
2726.000000 0.044924 
2728.000000 0.346412 
2730.000000 0.057214 
2732.000000 0.549756 
2734.000000 0.147479 
2736.000000 -0.236968 
2738.000000 -0.005889 
2740.000000 0.647938 
2742.000000 0.086385 
2744.000000 -0.185655 
2746.000000 0.018589 
2748.000000 0.055975 
2750.000000 0.004958 
2752.000000 0.284749 
2754.000000 -0.024591 
2756.000000 -0.548028 
2758.000000 0.000723 
2760.000000 0.338755 
2762.000000 -0.095778 
2764.000000 -0.470557 
2766.000000 -0.046713 
2768.000000 -0.260626 
2770.000000 -0.047152 
2772.000000 0.011301 
2774.000000 -0.185810 
2776.000000 -0.802657 
2778.000000 0.043996 
2780.000000 0.073326 
2782.000000 -0.210745 
2784.000000 -0.651526 
2786.000000 -0.041025 
2788.000000 -0.457161 
2790.000000 0.004663 
2792.000000 -0.136707 
2794.000000 -0.235258 
2796.000000 -0.876408 
2798.000000 0.203741 
2800.000000 -0.036448 
