curves :  depth value
2600.000000 0.000000 
2602.000000 -0.007280 
2604.000000 -0.045766 
2606.000000 -0.099054 
2608.000000 -0.108980 
2610.000000 -0.034044 
2612.000000 0.096704 
2614.000000 0.193731 
2616.000000 0.182531 
2618.000000 0.079775 
2620.000000 -0.005454 
2622.000000 0.040366 
2624.000000 0.226768 
2626.000000 0.428361 
2628.000000 0.471612 
2630.000000 0.278048 
2632.000000 -0.055444 
2634.000000 -0.316841 
2636.000000 -0.343001 
2638.000000 -0.157416 
2640.000000 0.037717 
2642.000000 0.020609 
2644.000000 -0.261959 
2646.000000 -0.633117 
2648.000000 -0.811467 
2650.000000 -0.632171 
2652.000000 -0.187260 
2654.000000 0.234212 
2656.000000 0.367126 
2658.000000 0.179711 
2660.000000 -0.098771 
2662.000000 -0.160568 
2664.000000 0.129130 
2666.000000 0.613204 
2668.000000 0.955686 
2670.000000 0.901680 
2672.000000 0.479054 
2674.000000 -0.019891 
2676.000000 -0.264613 
2678.000000 -0.142205 
2680.000000 0.159782 
2682.000000 0.308909 
2684.000000 0.097447 
2686.000000 -0.388410 
2688.000000 -0.833094 
2690.000000 -0.936839 
2692.000000 -0.646160 
2694.000000 -0.188954 
2696.000000 0.108962 
2698.000000 0.076627 
2700.000000 -0.179652 
2702.000000 -0.375275 
2704.000000 -0.281742 
2706.000000 0.092591 
2708.000000 0.514648 
2710.000000 0.713454 
2712.000000 0.587421 
2714.000000 0.269838 
2716.000000 0.010363 
2718.000000 -0.023263 
2720.000000 0.136324 
2722.000000 0.303105 
2724.000000 0.299512 
2726.000000 0.096421 
2728.000000 -0.176309 
2730.000000 -0.344367 
2732.000000 -0.325657 
2734.000000 -0.179256 
2736.000000 -0.038785 
2738.000000 0.001677 
2740.000000 -0.048879 
2742.000000 -0.109239 
2744.000000 -0.110575 
2746.000000 -0.054184 
2748.000000 0.003930 
2750.000000 0.016516 
2752.000000 -0.009866 
2754.000000 -0.030557 
2756.000000 -0.018607 
2758.000000 0.000206 
2760.000000 -0.027054 
2762.000000 -0.116768 
2764.000000 -0.212228 
2766.000000 -0.219431 
2768.000000 -0.092070 
2770.000000 0.110976 
2772.000000 0.257439 
2774.000000 0.247974 
2776.000000 0.109477 
2778.000000 -0.012394 
2780.000000 0.031155 
2782.000000 0.257637 
2784.000000 0.516887 
2786.000000 0.596303 
2788.000000 0.392387 
2790.000000 0.008542 
2792.000000 -0.310661 
2794.000000 -0.367267 
2796.000000 -0.172071 
2798.000000 0.055606 
2800.000000 0.060730 
