curves :  depth value
2600.000000 0.000000 
2602.000000 0.248781 
2604.000000 -0.833922 
2606.000000 0.372929 
2608.000000 0.233122 
2610.000000 -0.027024 
2612.000000 0.124487 
2614.000000 0.080684 
2616.000000 -0.852290 
2618.000000 0.597302 
2620.000000 -0.030442 
2622.000000 -0.039448 
2624.000000 0.572182 
2626.000000 -0.629207 
2628.000000 -0.173320 
2630.000000 0.206897 
2632.000000 -0.008337 
2634.000000 0.072823 
2636.000000 0.617191 
2638.000000 -0.903382 
2640.000000 0.208533 
2642.000000 0.001550 
2644.000000 -0.238988 
2646.000000 0.674747 
2648.000000 -0.067481 
2650.000000 -0.407191 
2652.000000 0.053275 
2654.000000 -0.056267 
2656.000000 -0.285797 
2658.000000 0.976725 
2660.000000 -0.539260 
2662.000000 -0.006367 
2664.000000 0.030368 
2666.000000 -0.481612 
2668.000000 0.339738 
2670.000000 0.442956 
2672.000000 -0.286992 
2674.000000 0.000543 
2676.000000 0.051765 
2678.000000 -0.770935 
2680.000000 0.864712 
2682.000000 -0.110241 
2684.000000 -0.011667 
2686.000000 0.194816 
2688.000000 -0.456577 
2690.000000 -0.258794 
2692.000000 0.565782 
2694.000000 -0.077785 
2696.000000 0.011330 
2698.000000 0.420129 
2700.000000 -0.985112 
2702.000000 0.393041 
2704.000000 0.074965 
2706.000000 -0.014946 
2708.000000 0.351440 
2710.000000 -0.025453 
2712.000000 -0.688714 
2714.000000 0.343659 
2716.000000 -0.000696 
2718.000000 -0.129087 
2720.000000 0.820260 
2722.000000 -0.715805 
2724.000000 -0.043136 
2726.000000 0.035461 
2728.000000 -0.135066 
2730.000000 0.216426 
2732.000000 0.561046 
2734.000000 -0.677368 
2736.000000 0.087461 
2738.000000 0.009374 
2740.000000 -0.475831 
2742.000000 0.877856 
2744.000000 -0.168728 
2746.000000 -0.171025 
2748.000000 0.003141 
2750.000000 -0.209968 
2752.000000 -0.269897 
2754.000000 0.871514 
2756.000000 -0.355563 
2758.000000 0.001156 
2760.000000 0.158623 
2762.000000 -0.768184 
2764.000000 0.472026 
2766.000000 0.236457 
2768.000000 -0.072078 
2770.000000 0.077052 
2772.000000 0.009161 
2774.000000 -0.797423 
2776.000000 0.714207 
2778.000000 -0.068998 
2780.000000 -0.011698 
2782.000000 0.458949 
2784.000000 -0.672934 
2786.000000 -0.108893 
2788.000000 0.281199 
2790.000000 -0.000154 
2792.000000 0.082385 
2794.000000 0.507696 
2796.000000 -0.959690 
2798.000000 0.306201 
2800.000000 0.007409 
