curves :  depth value
2600.000000 0.000000 
2602.000000 0.000000 
2604.000000 -0.000000 
2606.000000 -0.000000 
2608.000000 -0.000000 
2610.000000 0.000000 
2612.000000 0.000000 
2614.000000 0.000000 
2616.000000 0.000000 
2618.000000 -0.000000 
2620.000000 -0.000000 
2622.000000 -0.000000 
2624.000000 0.000000 
2626.000000 0.000000 
2628.000000 0.000000 
2630.000000 -0.000000 
2632.000000 -0.000000 
2634.000000 -0.000000 
2636.000000 -0.000000 
2638.000000 0.000000 
2640.000000 0.000000 
2642.000000 0.000000 
2644.000000 -0.000000 
2646.000000 -0.000000 
2648.000000 -0.000000 
2650.000000 0.000000 
2652.000000 0.000000 
2654.000000 0.000000 
2656.000000 -0.000000 
2658.000000 -0.000000 
2660.000000 -0.000000 
2662.000000 -0.000000 
2664.000000 0.000000 
2666.000000 0.000000 
2668.000000 0.000000 
2670.000000 -0.000000 
2672.000000 -0.000000 
2674.000000 -0.000000 
2676.000000 0.000000 
2678.000000 0.000000 
2680.000000 0.000000 
2682.000000 0.000000 
2684.000000 -0.000000 
2686.000000 -0.000000 
2688.000000 -0.000000 
2690.000000 0.000000 
2692.000000 0.000000 
2694.000000 0.000000 
2696.000000 -0.000000 
2698.000000 -0.000000 
2700.000000 -0.000000 
2702.000000 0.000000 
2704.000000 0.000000 
2706.000000 0.000000 
2708.000000 0.000000 
2710.000000 -0.000000 
2712.000000 -0.000000 
2714.000000 -0.000000 
2716.000000 0.000000 
2718.000000 0.000000 
2720.000000 0.000000 
2722.000000 -0.000000 
2724.000000 -0.000000 
2726.000000 -0.000000 
2728.000000 -0.000000 
2730.000000 0.000000 
2732.000000 0.000000 
2734.000000 0.000000 
2736.000000 -0.000000 
2738.000000 -0.000000 
2740.000000 -0.000000 
2742.000000 0.000000 
2744.000000 0.000000 
2746.000000 0.000000 
2748.000000 0.000000 
2750.000000 -0.000000 
2752.000000 -0.000000 
2754.000000 -0.000000 
2756.000000 0.000000 
2758.000000 0.000000 
2760.000000 0.000000 
2762.000000 -0.000000 
2764.000000 -0.000000 
2766.000000 -0.000000 
2768.000000 0.000000 
2770.000000 0.000000 
2772.000000 0.000000 
2774.000000 0.000000 
2776.000000 -0.000000 
2778.000000 -0.000000 
2780.000000 -0.000000 
2782.000000 0.000000 
2784.000000 0.000000 
2786.000000 0.000000 
2788.000000 -0.000000 
2790.000000 -0.000000 
2792.000000 -0.000000 
2794.000000 -0.000000 
2796.000000 0.000000 
2798.000000 0.000000 
2800.000000 0.000000 
