curves :  depth value
2600.000000 0.000000 
2602.000000 0.104300 
2604.000000 -0.527693 
2606.000000 0.752151 
2608.000000 -0.369682 
2610.000000 -0.006856 
2612.000000 -0.246138 
2614.000000 0.654216 
2616.000000 -0.519881 
2618.000000 0.114933 
2620.000000 -0.001122 
2622.000000 -0.060348 
2624.000000 0.463792 
2626.000000 -0.760581 
2628.000000 0.420989 
2630.000000 0.059218 
2632.000000 0.062046 
2634.000000 -0.481283 
2636.000000 0.451493 
2638.000000 -0.100616 
2640.000000 0.008446 
2642.000000 -0.019366 
2644.000000 -0.328137 
2646.000000 0.678907 
2648.000000 -0.402205 
2650.000000 -0.151246 
2652.000000 0.158763 
2654.000000 0.259070 
2656.000000 -0.341774 
2658.000000 0.072771 
2660.000000 -0.025694 
2662.000000 0.129525 
2664.000000 0.132869 
2666.000000 -0.520676 
2668.000000 0.328350 
2670.000000 0.260118 
2672.000000 -0.384331 
2674.000000 -0.019903 
2676.000000 0.213880 
2678.000000 -0.042694 
2680.000000 0.052295 
2682.000000 -0.256780 
2684.000000 0.098855 
2686.000000 0.311274 
2688.000000 -0.223905 
2690.000000 -0.357531 
2692.000000 0.580169 
2694.000000 -0.202881 
2696.000000 -0.090355 
2698.000000 0.018820 
2700.000000 -0.082755 
2702.000000 0.381274 
2704.000000 -0.336170 
2706.000000 -0.083462 
2708.000000 0.117632 
2710.000000 0.415494 
2712.000000 -0.715361 
2714.000000 0.380487 
2716.000000 -0.010824 
2718.000000 -0.005030 
2720.000000 0.107442 
2722.000000 -0.479777 
2724.000000 0.545435 
2726.000000 -0.128436 
2728.000000 -0.036627 
2730.000000 -0.412155 
2732.000000 0.768037 
2734.000000 -0.493136 
2736.000000 0.078885 
2738.000000 0.000339 
2740.000000 -0.114680 
2742.000000 0.529923 
2744.000000 -0.695918 
2746.000000 0.294589 
2748.000000 0.000787 
2750.000000 0.336488 
2752.000000 -0.729199 
2754.000000 0.532706 
2756.000000 -0.111195 
2758.000000 0.000041 
2760.000000 0.093705 
2762.000000 -0.514729 
2764.000000 0.765180 
2766.000000 -0.394844 
2768.000000 -0.018769 
2770.000000 -0.190951 
2772.000000 0.604203 
2774.000000 -0.503134 
2776.000000 0.112427 
2778.000000 -0.002604 
2780.000000 -0.037828 
2782.000000 0.426483 
2784.000000 -0.743134 
2786.000000 0.422034 
2788.000000 0.086241 
2790.000000 -0.008435 
2792.000000 -0.411677 
2794.000000 0.418648 
2796.000000 -0.092310 
2798.000000 0.012985 
2800.000000 -0.052959 
