curves :  depth value
2600.000000 0.000000 
2602.000000 0.498586 
2604.000000 -0.365392 
2606.000000 0.270085 
2608.000000 -0.658482 
2610.000000 0.002549 
2612.000000 0.332856 
2614.000000 -0.441881 
2616.000000 0.172888 
2618.000000 -0.793455 
2620.000000 0.019803 
2622.000000 0.180004 
2624.000000 -0.484162 
2626.000000 0.089310 
2628.000000 -0.887041 
2630.000000 0.063621 
2632.000000 0.055470 
2634.000000 -0.481119 
2636.000000 0.030789 
2638.000000 -0.927984 
2640.000000 0.140670 
2642.000000 -0.030905 
2644.000000 -0.427970 
2646.000000 0.002775 
2648.000000 -0.911994 
2650.000000 0.250967 
2652.000000 -0.076229 
2654.000000 -0.327287 
2656.000000 0.003879 
2658.000000 -0.842358 
2660.000000 0.387586 
2662.000000 -0.084726 
2664.000000 -0.188805 
2666.000000 0.026247 
2668.000000 -0.729324 
2670.000000 0.537575 
2672.000000 -0.066696 
2674.000000 -0.028037 
2676.000000 0.057062 
2678.000000 -0.588358 
2680.000000 0.683934 
2682.000000 -0.036457 
2684.000000 0.136067 
2686.000000 0.080945 
2688.000000 -0.437566 
2690.000000 0.808329 
2692.000000 -0.009616 
2694.000000 0.284043 
2696.000000 0.082816 
2698.000000 -0.294728 
2700.000000 0.894083 
2702.000000 -0.000158 
2704.000000 0.398917 
2706.000000 0.050746 
2708.000000 -0.174430 
2710.000000 0.928942 
2712.000000 -0.017835 
2714.000000 0.468791 
2716.000000 -0.021716 
2718.000000 -0.085795 
2720.000000 0.907136 
2722.000000 -0.066321 
2724.000000 0.488588 
2726.000000 -0.134126 
2728.000000 -0.031180 
2730.000000 0.830402 
2732.000000 -0.142442 
2734.000000 0.460663 
2736.000000 -0.278896 
2738.000000 -0.006058 
2740.000000 0.707787 
2742.000000 -0.236619 
2744.000000 0.394174 
2746.000000 -0.442261 
2748.000000 -0.000099 
2750.000000 0.554248 
2752.000000 -0.334448 
2754.000000 0.303348 
2756.000000 -0.606308 
2758.000000 0.000744 
2760.000000 0.388314 
2762.000000 -0.419155 
2764.000000 0.204924 
2766.000000 -0.751736 
2768.000000 0.011504 
2770.000000 0.229165 
2772.000000 -0.474504 
2774.000000 0.115212 
2776.000000 -0.860874 
2778.000000 0.045300 
2780.000000 0.093642 
2782.000000 -0.487661 
2784.000000 0.047286 
2786.000000 -0.920459 
2788.000000 0.110767 
2790.000000 -0.006315 
2792.000000 -0.451533 
2794.000000 0.008772 
2796.000000 -0.923719 
2798.000000 0.210264 
2800.000000 -0.065384 
