6973.000000 4817.000000 5.000000
7893.000000 8340.000000 9.000000
9376.000000 1023.000000 10.000000
6487.000000 8353.000000 2.000000
8654.000000 9006.000000 10.000000
112.000000 5394.000000 1.000000
122.000000 164.000000 4.000000
7569.000000 3618.000000 6.000000
910.000000 130.000000 10.000000
735.000000 4941.000000 4.000000
2592.000000 3279.000000 3.000000
1831.000000 6958.000000 8.000000
187.000000 4641.000000 7.000000
6292.000000 9802.000000 2.000000
7598.000000 836.000000 5.000000
2332.000000 9940.000000 6.000000
347.000000 4563.000000 4.000000
5982.000000 2298.000000 6.000000
8216.000000 6178.000000 0.000000
2539.000000 9156.000000 5.000000
8155.000000 4865.000000 1.000000
2052.000000 7718.000000 2.000000
8400.000000 3517.000000 0.000000
8957.000000 9476.000000 0.000000
5120.000000 4484.000000 6.000000
728.000000 8654.000000 9.000000
9978.000000 6754.000000 8.000000
2682.000000 9743.000000 4.000000
1061.000000 6326.000000 5.000000
8609.000000 3799.000000 10.000000
5096.000000 8413.000000 1.000000
9382.000000 1297.000000 5.000000
9519.000000 2705.000000 3.000000
7936.000000 8367.000000 0.000000
1560.000000 8044.000000 8.000000
2137.000000 2564.000000 6.000000
8710.000000 1961.000000 0.000000
557.000000 2407.000000 3.000000
7126.000000 3819.000000 4.000000
2100.000000 7183.000000 4.000000
6941.000000 4341.000000 8.000000
7439.000000 8552.000000 7.000000
6152.000000 1820.000000 7.000000
7723.000000 9632.000000 10.000000
8839.000000 2451.000000 2.000000
3238.000000 3897.000000 5.000000
2432.000000 8708.000000 5.000000
2633.000000 4505.000000 8.000000
7517.000000 4805.000000 2.000000
9257.000000 274.000000 9.000000
4672.000000 9009.000000 4.000000
1267.000000 6517.000000 6.000000
5486.000000 4589.000000 6.000000
458.000000 4601.000000 1.000000
506.000000 7076.000000 10.000000
6757.000000 4234.000000 10.000000
3749.000000 2980.000000 6.000000
6595.000000 3138.000000 3.000000
2373.000000 4125.000000 10.000000
1785.000000 4625.000000 1.000000
6044.000000 5218.000000 5.000000
9084.000000 5382.000000 3.000000
5601.000000 4498.000000 10.000000
7688.000000 1839.000000 3.000000
8458.000000 5370.000000 9.000000
1689.000000 1565.000000 9.000000
8612.000000 1625.000000 10.000000
49.000000 195.000000 6.000000
4825.000000 4167.000000 5.000000
7324.000000 5078.000000 1.000000
7199.000000 1283.000000 2.000000
4738.000000 2772.000000 10.000000
4209.000000 812.000000 10.000000
3011.000000 6325.000000 2.000000
5594.000000 55.000000 5.000000
9616.000000 7506.000000 2.000000
1014.000000 2634.000000 1.000000
4875.000000 3034.000000 3.000000
9555.000000 7533.000000 4.000000
7701.000000 3219.000000 10.000000
8327.000000 941.000000 8.000000
4866.000000 1837.000000 8.000000
2502.000000 5407.000000 7.000000
6409.000000 5393.000000 10.000000
9567.000000 8672.000000 9.000000
8406.000000 1635.000000 1.000000
4214.000000 4510.000000 9.000000
2523.000000 4119.000000 4.000000
8964.000000 6313.000000 4.000000
2963.000000 3886.000000 0.000000
2737.000000 9403.000000 9.000000
3087.000000 7124.000000 10.000000
9771.000000 526.000000 10.000000
6595.000000 8093.000000 8.000000
5801.000000 6833.000000 3.000000
5103.000000 7263.000000 2.000000
255.000000 3491.000000 2.000000
6283.000000 9094.000000 10.000000
3157.000000 2119.000000 3.000000
3291.000000 9068.000000 2.000000
7185.000000 7789.000000 9.000000
2217.000000 4200.000000 0.000000
5255.000000 2458.000000 3.000000
1053.000000 710.000000 6.000000
8950.000000 8973.000000 1.000000
2542.000000 248.000000 4.000000
6126.000000 6470.000000 7.000000
3294.000000 6614.000000 8.000000
8497.000000 2509.000000 10.000000
6719.000000 4044.000000 9.000000
4313.000000 8734.000000 6.000000
2419.000000 772.000000 9.000000
3267.000000 7444.000000 4.000000
6127.000000 7911.000000 5.000000
4694.000000 9664.000000 1.000000
2038.000000 6319.000000 5.000000
9242.000000 3552.000000 0.000000
2363.000000 5361.000000 8.000000
9338.000000 4422.000000 4.000000
3708.000000 3807.000000 6.000000
3727.000000 2743.000000 10.000000
5998.000000 7778.000000 5.000000
8681.000000 9713.000000 0.000000
2377.000000 1185.000000 9.000000
8588.000000 8815.000000 10.000000
6466.000000 7936.000000 10.000000
3254.000000 3220.000000 1.000000
6635.000000 3445.000000 4.000000
8832.000000 7839.000000 0.000000
3372.000000 1520.000000 7.000000
9849.000000 6650.000000 5.000000
5307.000000 6422.000000 6.000000
7617.000000 4489.000000 10.000000
2055.000000 6681.000000 0.000000
8790.000000 3852.000000 4.000000
5800.000000 1723.000000 2.000000
398.000000 856.000000 7.000000
8329.000000 3668.000000 3.000000
8373.000000 9098.000000 10.000000
209.000000 1657.000000 8.000000
7964.000000 9928.000000 1.000000
8344.000000 1368.000000 4.000000
193.000000 9016.000000 3.000000
2799.000000 2626.000000 7.000000
2063.000000 9539.000000 9.000000
8319.000000 9070.000000 2.000000
5508.000000 7823.000000 2.000000
4891.000000 8394.000000 7.000000
5165.000000 3128.000000 10.000000
8225.000000 7820.000000 3.000000
3921.000000 9894.000000 10.000000
3239.000000 9000.000000 3.000000
4010.000000 1816.000000 2.000000
6577.000000 9772.000000 8.000000
8594.000000 6454.000000 1.000000
9820.000000 1038.000000 9.000000
3983.000000 2283.000000 1.000000
5513.000000 6795.000000 4.000000
2245.000000 817.000000 10.000000
5327.000000 3817.000000 1.000000
7024.000000 908.000000 0.000000
2237.000000 9248.000000 2.000000
8219.000000 7429.000000 2.000000
8370.000000 9695.000000 4.000000
4611.000000 3566.000000 8.000000
2967.000000 5692.000000 6.000000
2430.000000 9812.000000 2.000000
9672.000000 5782.000000 2.000000
288.000000 781.000000 10.000000
9282.000000 7724.000000 6.000000
8532.000000 8803.000000 1.000000
4661.000000 2997.000000 7.000000
2054.000000 7945.000000 0.000000
6309.000000 1549.000000 2.000000
6395.000000 2040.000000 0.000000
5399.000000 6250.000000 1.000000
7231.000000 6567.000000 0.000000
571.000000 8601.000000 9.000000
9622.000000 5607.000000 9.000000
9953.000000 1908.000000 5.000000
5833.000000 389.000000 10.000000
823.000000 6065.000000 4.000000
5993.000000 2685.000000 6.000000
120.000000 3460.000000 9.000000
6837.000000 5671.000000 1.000000
4209.000000 9538.000000 2.000000
2055.000000 3338.000000 7.000000
2723.000000 8651.000000 6.000000
6204.000000 9067.000000 0.000000
4630.000000 3842.000000 8.000000
6030.000000 9241.000000 9.000000
2185.000000 6503.000000 10.000000
1658.000000 8944.000000 3.000000
1515.000000 5846.000000 4.000000
2177.000000 2678.000000 0.000000
2722.000000 998.000000 5.000000
6320.000000 9822.000000 10.000000
3398.000000 3684.000000 7.000000
7605.000000 4891.000000 8.000000
7374.000000 1663.000000 4.000000
3012.000000 6771.000000 4.000000
5403.000000 4957.000000 9.000000
6816.000000 3794.000000 6.000000
2415.000000 5.000000 2.000000
5895.000000 4228.000000 9.000000
6086.000000 166.000000 8.000000
8717.000000 1235.000000 0.000000
6157.000000 8045.000000 3.000000
5922.000000 317.000000 4.000000
3774.000000 9513.000000 5.000000
9958.000000 3194.000000 10.000000
6823.000000 3223.000000 2.000000
4928.000000 3858.000000 8.000000
9629.000000 5574.000000 10.000000
7496.000000 534.000000 10.000000
2654.000000 9007.000000 2.000000
643.000000 3547.000000 6.000000
8953.000000 7632.000000 5.000000
4871.000000 3577.000000 9.000000
9155.000000 8498.000000 3.000000
8779.000000 4612.000000 4.000000
3907.000000 5002.000000 9.000000
7524.000000 8244.000000 10.000000
1613.000000 7499.000000 5.000000
1203.000000 5408.000000 6.000000
7454.000000 1592.000000 7.000000
7576.000000 835.000000 7.000000
6617.000000 7359.000000 5.000000
1004.000000 6140.000000 5.000000
7902.000000 2946.000000 9.000000
8807.000000 4334.000000 6.000000
2176.000000 5986.000000 7.000000
766.000000 3630.000000 8.000000
2387.000000 8767.000000 4.000000
8154.000000 7399.000000 1.000000
2027.000000 4737.000000 7.000000
1783.000000 9516.000000 3.000000
9505.000000 7872.000000 3.000000
4191.000000 5144.000000 0.000000
8963.000000 7165.000000 9.000000
6861.000000 4235.000000 4.000000
2168.000000 8625.000000 10.000000
405.000000 8939.000000 1.000000
5738.000000 3900.000000 6.000000
6283.000000 8726.000000 6.000000
8214.000000 7398.000000 5.000000
5410.000000 3270.000000 3.000000
4185.000000 1311.000000 2.000000
3699.000000 6071.000000 4.000000
8166.000000 6172.000000 9.000000
7149.000000 184.000000 4.000000
7493.000000 3004.000000 8.000000
766.000000 2655.000000 2.000000
2953.000000 1866.000000 7.000000
1245.000000 3054.000000 1.000000
7968.000000 9127.000000 2.000000
5938.000000 9052.000000 1.000000
1438.000000 9947.000000 2.000000
5197.000000 7458.000000 3.000000
6548.000000 5823.000000 2.000000
3193.000000 2658.000000 0.000000
4451.000000 4241.000000 1.000000
1362.000000 6273.000000 8.000000
9511.000000 3271.000000 8.000000
2530.000000 9801.000000 5.000000
8008.000000 8104.000000 10.000000
310.000000 9614.000000 0.000000
6375.000000 5584.000000 7.000000
7931.000000 6748.000000 1.000000
7856.000000 4090.000000 0.000000
1334.000000 7923.000000 3.000000
69.000000 2499.000000 1.000000
7.000000 7987.000000 8.000000
8513.000000 7572.000000 10.000000
4973.000000 5770.000000 3.000000
5891.000000 200.000000 4.000000
9615.000000 2142.000000 7.000000
8103.000000 7959.000000 5.000000
8102.000000 6546.000000 6.000000
3714.000000 6841.000000 9.000000
3025.000000 4444.000000 1.000000
5353.000000 8597.000000 9.000000
1867.000000 8154.000000 4.000000
1559.000000 2344.000000 8.000000
1342.000000 8266.000000 1.000000
9465.000000 5170.000000 2.000000
9932.000000 9182.000000 5.000000
3484.000000 5940.000000 10.000000
3601.000000 9414.000000 0.000000
7574.000000 4666.000000 9.000000
7838.000000 7934.000000 0.000000
1552.000000 7547.000000 5.000000
6264.000000 8590.000000 5.000000
278.000000 4214.000000 2.000000
4707.000000 2503.000000 9.000000
3160.000000 5016.000000 1.000000
6961.000000 6711.000000 9.000000
2399.000000 425.000000 0.000000
2364.000000 5013.000000 7.000000
1642.000000 7160.000000 2.000000
4199.000000 184.000000 2.000000
872.000000 2888.000000 10.000000
1158.000000 8132.000000 5.000000
9370.000000 3507.000000 0.000000
9186.000000 2128.000000 3.000000
9601.000000 1605.000000 8.000000
2772.000000 9730.000000 4.000000
9422.000000 7231.000000 5.000000
3887.000000 1945.000000 6.000000
160.000000 3023.000000 9.000000
5772.000000 7057.000000 3.000000
6804.000000 1554.000000 3.000000
7125.000000 2076.000000 10.000000
2660.000000 2277.000000 6.000000
7516.000000 3810.000000 10.000000
3334.000000 9778.000000 9.000000
8252.000000 3122.000000 5.000000
2371.000000 6253.000000 6.000000
5033.000000 5975.000000 10.000000
5242.000000 2108.000000 2.000000
1683.000000 8.000000 3.000000
4698.000000 5303.000000 7.000000
4241.000000 7173.000000 0.000000
3751.000000 8371.000000 9.000000
4806.000000 5820.000000 3.000000
2740.000000 9734.000000 8.000000
5290.000000 7781.000000 4.000000
5501.000000 7329.000000 4.000000
578.000000 9975.000000 10.000000
6813.000000 9457.000000 7.000000
1901.000000 8201.000000 6.000000
4151.000000 1942.000000 8.000000
2885.000000 2305.000000 7.000000
6067.000000 313.000000 7.000000
8062.000000 8210.000000 1.000000
7170.000000 7257.000000 5.000000
8120.000000 2441.000000 8.000000
3052.000000 3089.000000 8.000000
9252.000000 7673.000000 1.000000
250.000000 5827.000000 6.000000
8917.000000 5966.000000 6.000000
5185.000000 5908.000000 6.000000
6325.000000 2462.000000 10.000000
2631.000000 8940.000000 1.000000
5882.000000 146.000000 3.000000
8036.000000 5490.000000 8.000000
9614.000000 1633.000000 8.000000
7064.000000 1577.000000 10.000000
8412.000000 4760.000000 10.000000
3652.000000 270.000000 2.000000
7179.000000 2218.000000 10.000000
4760.000000 5670.000000 10.000000
5216.000000 6656.000000 2.000000
7786.000000 6489.000000 7.000000
8338.000000 7767.000000 5.000000
8067.000000 3456.000000 1.000000
7431.000000 6116.000000 4.000000
1980.000000 489.000000 3.000000
2269.000000 9523.000000 5.000000
2347.000000 8299.000000 10.000000
6658.000000 5494.000000 6.000000
4374.000000 9129.000000 10.000000
2289.000000 4228.000000 2.000000
5948.000000 4338.000000 0.000000
1167.000000 2575.000000 8.000000
1466.000000 1353.000000 5.000000
9005.000000 5790.000000 2.000000
426.000000 8983.000000 0.000000
6798.000000 4505.000000 6.000000
6059.000000 5413.000000 6.000000
7647.000000 8620.000000 8.000000
2015.000000 8406.000000 2.000000
465.000000 7363.000000 10.000000
4389.000000 6580.000000 8.000000
6275.000000 4815.000000 0.000000
5303.000000 8573.000000 6.000000
9689.000000 2044.000000 6.000000
4301.000000 471.000000 3.000000
5038.000000 7355.000000 5.000000
383.000000 7307.000000 9.000000
1769.000000 2004.000000 5.000000
2979.000000 4357.000000 3.000000
4619.000000 4743.000000 1.000000
737.000000 5904.000000 10.000000
4810.000000 6327.000000 1.000000
7808.000000 1699.000000 5.000000
7082.000000 7693.000000 8.000000
3527.000000 6986.000000 1.000000
8618.000000 3405.000000 3.000000
1410.000000 3710.000000 0.000000
1411.000000 3975.000000 6.000000
3319.000000 481.000000 0.000000
7207.000000 1209.000000 3.000000
8273.000000 9982.000000 10.000000
4474.000000 1441.000000 10.000000
5573.000000 9086.000000 2.000000
9711.000000 4350.000000 0.000000
2546.000000 1131.000000 7.000000
5205.000000 6873.000000 2.000000
5337.000000 305.000000 7.000000
1309.000000 2596.000000 3.000000
9158.000000 4139.000000 8.000000
4258.000000 1056.000000 1.000000
434.000000 6072.000000 8.000000
554.000000 7818.000000 5.000000
3142.000000 4324.000000 6.000000
491.000000 7100.000000 9.000000
3601.000000 2589.000000 6.000000
3109.000000 7433.000000 7.000000
752.000000 753.000000 9.000000
6415.000000 805.000000 7.000000
8774.000000 1936.000000 5.000000
2214.000000 603.000000 5.000000
3302.000000 3722.000000 5.000000
6615.000000 51.000000 7.000000
3180.000000 8894.000000 6.000000
1702.000000 538.000000 2.000000
3567.000000 5006.000000 8.000000
7724.000000 272.000000 10.000000
1518.000000 1882.000000 4.000000
1617.000000 6319.000000 0.000000
6367.000000 33.000000 8.000000
3493.000000 8387.000000 3.000000
3790.000000 2558.000000 6.000000
5093.000000 6404.000000 1.000000
7376.000000 7244.000000 7.000000
9052.000000 1209.000000 4.000000
1032.000000 2904.000000 3.000000
7799.000000 2080.000000 3.000000
7334.000000 9412.000000 1.000000
1026.000000 4120.000000 9.000000
6628.000000 809.000000 7.000000
3655.000000 4185.000000 7.000000
2347.000000 5314.000000 1.000000
8200.000000 7975.000000 7.000000
6577.000000 6649.000000 9.000000
1537.000000 1415.000000 2.000000
9654.000000 3994.000000 4.000000
7020.000000 9987.000000 8.000000
6826.000000 5118.000000 9.000000
5526.000000 2613.000000 10.000000
3890.000000 3866.000000 10.000000
4980.000000 1854.000000 8.000000
5591.000000 6755.000000 6.000000
2038.000000 4977.000000 2.000000
6936.000000 6695.000000 0.000000
8402.000000 7391.000000 3.000000
9208.000000 8181.000000 9.000000
921.000000 6748.000000 7.000000
1779.000000 7093.000000 9.000000
689.000000 6126.000000 6.000000
6307.000000 8345.000000 6.000000
5935.000000 6556.000000 2.000000
9236.000000 1752.000000 1.000000
1855.000000 5544.000000 6.000000
9465.000000 849.000000 3.000000
5303.000000 7775.000000 8.000000
5249.000000 8577.000000 6.000000
2265.000000 3376.000000 8.000000
4392.000000 386.000000 2.000000
2693.000000 964.000000 0.000000
9315.000000 4202.000000 1.000000
9154.000000 3062.000000 3.000000
7004.000000 9984.000000 1.000000
6642.000000 2468.000000 7.000000
8048.000000 3068.000000 3.000000
7768.000000 6721.000000 0.000000
4577.000000 1850.000000 9.000000
2918.000000 4565.000000 6.000000
4629.000000 2188.000000 1.000000
9032.000000 9209.000000 4.000000
7799.000000 46.000000 3.000000
8019.000000 5215.000000 8.000000
9922.000000 6264.000000 2.000000
3455.000000 3845.000000 10.000000
5797.000000 6528.000000 10.000000
8995.000000 7415.000000 7.000000
9720.000000 411.000000 1.000000
2451.000000 9350.000000 9.000000
140.000000 5454.000000 4.000000
8692.000000 1723.000000 7.000000
6689.000000 7966.000000 9.000000
1902.000000 4409.000000 3.000000
2815.000000 5804.000000 7.000000
919.000000 7007.000000 10.000000
2808.000000 8188.000000 10.000000
9328.000000 372.000000 4.000000
7745.000000 3351.000000 6.000000
6685.000000 1904.000000 4.000000
5057.000000 4588.000000 0.000000
6022.000000 3848.000000 1.000000
5287.000000 3312.000000 7.000000
6006.000000 7140.000000 5.000000
5294.000000 8103.000000 9.000000
2150.000000 8435.000000 9.000000
1439.000000 5789.000000 8.000000
5273.000000 6144.000000 3.000000
1539.000000 1824.000000 5.000000
7325.000000 8325.000000 10.000000
265.000000 1120.000000 1.000000
4681.000000 3565.000000 6.000000
7732.000000 6679.000000 4.000000
6296.000000 5750.000000 9.000000
4253.000000 3103.000000 9.000000
1847.000000 9095.000000 10.000000
4352.000000 761.000000 4.000000
5579.000000 1070.000000 9.000000
9136.000000 7222.000000 8.000000
5949.000000 2318.000000 0.000000
9699.000000 87.000000 0.000000
6313.000000 4769.000000 9.000000
554.000000 4071.000000 8.000000
2731.000000 9165.000000 3.000000
9657.000000 8639.000000 1.000000
8323.000000 5505.000000 4.000000
4200.000000 9880.000000 1.000000
5616.000000 4480.000000 5.000000
4727.000000 971.000000 8.000000
2973.000000 7948.000000 0.000000
3740.000000 7905.000000 6.000000
1674.000000 5724.000000 3.000000
3525.000000 95.000000 8.000000
3.000000 6597.000000 5.000000
3004.000000 7050.000000 5.000000
59.000000 4661.000000 4.000000
4426.000000 5168.000000 5.000000
1159.000000 5878.000000 7.000000
3696.000000 9729.000000 0.000000
8592.000000 835.000000 10.000000
9917.000000 7003.000000 1.000000
3771.000000 5985.000000 1.000000
9497.000000 7591.000000 8.000000
9179.000000 5401.000000 1.000000
6623.000000 9512.000000 0.000000
4886.000000 8106.000000 9.000000
3799.000000 523.000000 0.000000
8812.000000 8907.000000 6.000000
2253.000000 3574.000000 1.000000
6775.000000 3102.000000 8.000000
6011.000000 4281.000000 9.000000
9144.000000 4602.000000 1.000000
4280.000000 876.000000 3.000000
8158.000000 1875.000000 2.000000
5396.000000 4130.000000 8.000000
7747.000000 8991.000000 3.000000
886.000000 9122.000000 1.000000
4799.000000 7106.000000 0.000000
4445.000000 8705.000000 10.000000
60.000000 1733.000000 0.000000
7214.000000 9783.000000 2.000000
259.000000 6338.000000 1.000000
884.000000 2603.000000 10.000000
4528.000000 3315.000000 8.000000
2767.000000 1348.000000 6.000000
4612.000000 4739.000000 9.000000
2246.000000 9396.000000 8.000000
5159.000000 5680.000000 0.000000
5953.000000 8120.000000 0.000000
6178.000000 6697.000000 8.000000
6493.000000 3395.000000 10.000000
4506.000000 5832.000000 2.000000
3484.000000 5744.000000 6.000000
7380.000000 1810.000000 9.000000
956.000000 6219.000000 8.000000
5153.000000 581.000000 4.000000
616.000000 3368.000000 1.000000
7698.000000 5292.000000 7.000000
1638.000000 8684.000000 4.000000
5946.000000 5834.000000 9.000000
877.000000 5926.000000 4.000000
8133.000000 4002.000000 9.000000
5981.000000 7302.000000 5.000000
4968.000000 3285.000000 1.000000
638.000000 6491.000000 2.000000
5770.000000 3709.000000 8.000000
9087.000000 5774.000000 4.000000
7701.000000 3920.000000 8.000000
492.000000 4203.000000 10.000000
9463.000000 8967.000000 7.000000
4615.000000 4024.000000 7.000000
2797.000000 8173.000000 5.000000
1049.000000 3002.000000 4.000000
6185.000000 9067.000000 5.000000
6833.000000 6665.000000 5.000000
6690.000000 8447.000000 10.000000
1513.000000 4897.000000 5.000000
7807.000000 3324.000000 3.000000
8443.000000 2645.000000 7.000000
286.000000 7447.000000 8.000000
941.000000 5500.000000 10.000000
6615.000000 7850.000000 8.000000
4929.000000 5304.000000 1.000000
7935.000000 4765.000000 5.000000
198.000000 1127.000000 9.000000
8016.000000 8351.000000 9.000000
1342.000000 4755.000000 0.000000
8850.000000 5566.000000 4.000000
7190.000000 6106.000000 3.000000
7860.000000 8477.000000 9.000000
6793.000000 470.000000 4.000000
2021.000000 5158.000000 0.000000
1372.000000 2882.000000 5.000000
531.000000 8720.000000 3.000000
8119.000000 9472.000000 9.000000
2732.000000 2937.000000 2.000000
1572.000000 4312.000000 2.000000
1887.000000 1391.000000 9.000000
7632.000000 9543.000000 1.000000
3639.000000 3177.000000 1.000000
2699.000000 9204.000000 3.000000
4690.000000 6680.000000 8.000000
9505.000000 6774.000000 8.000000
8584.000000 2489.000000 10.000000
8123.000000 4894.000000 2.000000
3123.000000 107.000000 7.000000
6590.000000 5548.000000 3.000000
3612.000000 236.000000 8.000000
5328.000000 7595.000000 9.000000
9645.000000 7221.000000 6.000000
1826.000000 1510.000000 2.000000
2560.000000 5177.000000 8.000000
6754.000000 7954.000000 6.000000
9632.000000 8792.000000 3.000000
1947.000000 2534.000000 0.000000
1443.000000 8278.000000 7.000000
5857.000000 3604.000000 6.000000
6017.000000 306.000000 4.000000
297.000000 1541.000000 10.000000
515.000000 7930.000000 6.000000
2043.000000 2100.000000 9.000000
2210.000000 9271.000000 4.000000
9341.000000 3517.000000 10.000000
7176.000000 8970.000000 2.000000
4496.000000 3157.000000 6.000000
9393.000000 9455.000000 10.000000
7411.000000 379.000000 6.000000
2473.000000 3631.000000 1.000000
9003.000000 9803.000000 9.000000
586.000000 3069.000000 10.000000
3942.000000 102.000000 2.000000
8762.000000 6228.000000 1.000000
7999.000000 5603.000000 8.000000
4283.000000 4648.000000 4.000000
277.000000 5577.000000 7.000000
7580.000000 9613.000000 4.000000
2804.000000 3828.000000 7.000000
453.000000 6383.000000 10.000000
5923.000000 6300.000000 1.000000
601.000000 4790.000000 7.000000
1399.000000 2737.000000 3.000000
7311.000000 658.000000 5.000000
2493.000000 4769.000000 1.000000
8481.000000 8446.000000 4.000000
1031.000000 3074.000000 0.000000
6638.000000 3606.000000 2.000000
1553.000000 5501.000000 6.000000
742.000000 6857.000000 7.000000
8891.000000 6391.000000 2.000000
9930.000000 5873.000000 0.000000
2805.000000 3752.000000 5.000000
9564.000000 8382.000000 8.000000
2675.000000 4673.000000 3.000000
3518.000000 4365.000000 5.000000
9380.000000 6608.000000 4.000000
4407.000000 328.000000 1.000000
5427.000000 9113.000000 8.000000
1029.000000 5146.000000 4.000000
4377.000000 1990.000000 5.000000
3903.000000 7733.000000 1.000000
3833.000000 2458.000000 4.000000
6383.000000 1810.000000 3.000000
4521.000000 9657.000000 6.000000
455.000000 9330.000000 4.000000
43.000000 4076.000000 5.000000
7472.000000 7661.000000 4.000000
9833.000000 3840.000000 1.000000
425.000000 6421.000000 8.000000
2510.000000 3773.000000 4.000000
7497.000000 5151.000000 2.000000
5203.000000 8957.000000 8.000000
1339.000000 687.000000 1.000000
4605.000000 7796.000000 0.000000
3633.000000 4349.000000 5.000000
6873.000000 3844.000000 2.000000
2559.000000 6255.000000 1.000000
119.000000 802.000000 7.000000
6397.000000 7631.000000 4.000000
6661.000000 4435.000000 6.000000
6807.000000 9617.000000 6.000000
4613.000000 3459.000000 1.000000
6598.000000 5038.000000 7.000000
6045.000000 6857.000000 9.000000
1618.000000 3370.000000 7.000000
5472.000000 7995.000000 7.000000
2864.000000 687.000000 7.000000
7078.000000 5449.000000 10.000000
5139.000000 7382.000000 0.000000
1056.000000 3521.000000 10.000000
5010.000000 408.000000 1.000000
7678.000000 93.000000 5.000000
5253.000000 8432.000000 2.000000
7172.000000 6703.000000 8.000000
7661.000000 3359.000000 3.000000
3821.000000 2812.000000 3.000000
7.000000 3282.000000 4.000000
9078.000000 5388.000000 1.000000
1534.000000 1365.000000 2.000000
3891.000000 4692.000000 4.000000
2795.000000 909.000000 3.000000
8485.000000 2876.000000 4.000000
2883.000000 7264.000000 6.000000
283.000000 8903.000000 4.000000
2881.000000 9908.000000 7.000000
810.000000 7107.000000 2.000000
205.000000 9598.000000 0.000000
5999.000000 954.000000 6.000000
6964.000000 5546.000000 2.000000
4263.000000 5066.000000 4.000000
1975.000000 2217.000000 6.000000
83.000000 5036.000000 2.000000
9331.000000 4248.000000 1.000000
7211.000000 7364.000000 1.000000
4744.000000 7532.000000 5.000000
4394.000000 4751.000000 7.000000
6293.000000 1276.000000 0.000000
5412.000000 2436.000000 5.000000
8635.000000 2629.000000 8.000000
3729.000000 8997.000000 5.000000
1402.000000 8591.000000 5.000000
9410.000000 3763.000000 0.000000
2376.000000 2445.000000 8.000000
9339.000000 4898.000000 3.000000
6170.000000 8604.000000 2.000000
9241.000000 5711.000000 5.000000
2917.000000 7941.000000 3.000000
1769.000000 8759.000000 4.000000
7601.000000 6851.000000 6.000000
3284.000000 3773.000000 6.000000
7430.000000 9452.000000 5.000000
8856.000000 9660.000000 5.000000
9924.000000 3900.000000 5.000000
3174.000000 2369.000000 4.000000
4879.000000 175.000000 3.000000
5382.000000 9071.000000 4.000000
6432.000000 5260.000000 9.000000
1263.000000 9453.000000 8.000000
5083.000000 4989.000000 3.000000
604.000000 1795.000000 2.000000
7888.000000 6623.000000 4.000000
531.000000 6825.000000 9.000000
200.000000 5120.000000 7.000000
2016.000000 6958.000000 0.000000
5195.000000 161.000000 8.000000
2456.000000 9479.000000 0.000000
6368.000000 4691.000000 10.000000
3337.000000 705.000000 10.000000
8161.000000 3822.000000 2.000000
2886.000000 7598.000000 8.000000
5013.000000 6809.000000 5.000000
8371.000000 6144.000000 2.000000
2807.000000 5432.000000 10.000000
6367.000000 9759.000000 2.000000
1290.000000 3455.000000 5.000000
1788.000000 5248.000000 2.000000
9034.000000 2818.000000 0.000000
5288.000000 8387.000000 6.000000
7633.000000 6412.000000 0.000000
3407.000000 3047.000000 1.000000
9755.000000 5729.000000 4.000000
8758.000000 5500.000000 6.000000
7197.000000 4612.000000 1.000000
5004.000000 7128.000000 2.000000
2996.000000 2431.000000 1.000000
4667.000000 7823.000000 5.000000
8356.000000 9907.000000 2.000000
5070.000000 2451.000000 9.000000
2186.000000 7692.000000 4.000000
6566.000000 9280.000000 10.000000
2536.000000 246.000000 3.000000
8687.000000 3458.000000 0.000000
5192.000000 2173.000000 9.000000
3951.000000 4479.000000 1.000000
253.000000 3521.000000 1.000000
4187.000000 6852.000000 8.000000
43.000000 4693.000000 3.000000
6132.000000 3969.000000 9.000000
3459.000000 5956.000000 6.000000
3059.000000 3620.000000 9.000000
6299.000000 9836.000000 7.000000
7865.000000 2371.000000 0.000000
1042.000000 5641.000000 9.000000
2413.000000 1507.000000 4.000000
5254.000000 7791.000000 4.000000
8042.000000 4112.000000 9.000000
9041.000000 420.000000 4.000000
234.000000 5746.000000 4.000000
2568.000000 4544.000000 2.000000
3062.000000 4346.000000 10.000000
5269.000000 8756.000000 1.000000
8511.000000 2255.000000 5.000000
1282.000000 7319.000000 7.000000
3681.000000 6354.000000 4.000000
2263.000000 7200.000000 8.000000
7947.000000 6952.000000 1.000000
1700.000000 8482.000000 5.000000
7229.000000 9840.000000 4.000000
3533.000000 3153.000000 3.000000
5663.000000 8542.000000 4.000000
683.000000 6590.000000 3.000000
9351.000000 6545.000000 4.000000
2503.000000 5983.000000 10.000000
8181.000000 7522.000000 7.000000
4385.000000 4241.000000 2.000000
1479.000000 5179.000000 5.000000
6020.000000 3612.000000 10.000000
377.000000 5093.000000 6.000000
8650.000000 5093.000000 9.000000
5410.000000 3309.000000 1.000000
9188.000000 9856.000000 8.000000
9423.000000 3933.000000 7.000000
46.000000 5382.000000 4.000000
3616.000000 1968.000000 8.000000
4827.000000 3268.000000 0.000000
4199.000000 1249.000000 10.000000
3403.000000 6939.000000 1.000000
816.000000 7576.000000 5.000000
9039.000000 6475.000000 8.000000
8553.000000 1952.000000 4.000000
6270.000000 3171.000000 3.000000
827.000000 5439.000000 2.000000
2117.000000 1053.000000 5.000000
1249.000000 1742.000000 5.000000
1323.000000 7280.000000 8.000000
1584.000000 4796.000000 5.000000
5725.000000 6079.000000 1.000000
6092.000000 9769.000000 7.000000
4354.000000 8102.000000 4.000000
6507.000000 2880.000000 8.000000
7152.000000 657.000000 0.000000
6119.000000 4325.000000 2.000000
3321.000000 8951.000000 10.000000
2771.000000 9574.000000 0.000000
9142.000000 7509.000000 3.000000
1807.000000 1992.000000 8.000000
4354.000000 3447.000000 6.000000
6931.000000 9662.000000 8.000000
8480.000000 1191.000000 2.000000
973.000000 7930.000000 2.000000
128.000000 1746.000000 1.000000
1997.000000 3833.000000 10.000000
922.000000 8268.000000 8.000000
3003.000000 1978.000000 7.000000
7248.000000 2909.000000 0.000000
5442.000000 1682.000000 1.000000
3062.000000 1219.000000 5.000000
7206.000000 2194.000000 9.000000
4899.000000 5798.000000 1.000000
6462.000000 142.000000 2.000000
3132.000000 5366.000000 4.000000
8110.000000 3407.000000 6.000000
5267.000000 5504.000000 5.000000
963.000000 4987.000000 0.000000
4197.000000 3275.000000 1.000000
8091.000000 4176.000000 4.000000
5089.000000 2750.000000 8.000000
9385.000000 2975.000000 7.000000
7343.000000 1196.000000 7.000000
4479.000000 8762.000000 1.000000
2772.000000 7546.000000 9.000000
5929.000000 3650.000000 6.000000
3253.000000 9755.000000 7.000000
1073.000000 4391.000000 1.000000
1948.000000 5273.000000 8.000000
2859.000000 8357.000000 2.000000
516.000000 8722.000000 6.000000
2969.000000 6257.000000 8.000000
2716.000000 9702.000000 6.000000
7523.000000 8569.000000 4.000000
354.000000 6089.000000 6.000000
6290.000000 3837.000000 7.000000
2500.000000 4939.000000 0.000000
1461.000000 3023.000000 6.000000
2270.000000 430.000000 7.000000
7012.000000 1342.000000 0.000000
8905.000000 2479.000000 3.000000
1317.000000 5248.000000 9.000000
2262.000000 5431.000000 9.000000
2086.000000 376.000000 1.000000
1667.000000 4958.000000 6.000000
4948.000000 2828.000000 9.000000
1316.000000 6853.000000 6.000000
6980.000000 4238.000000 1.000000
8930.000000 6517.000000 1.000000
824.000000 8139.000000 0.000000
9958.000000 1907.000000 5.000000
7846.000000 434.000000 3.000000
4911.000000 8163.000000 2.000000
9267.000000 9898.000000 10.000000
1504.000000 9892.000000 4.000000
7497.000000 9580.000000 6.000000
4059.000000 9438.000000 10.000000
9880.000000 3495.000000 2.000000
5763.000000 91.000000 3.000000
1174.000000 1494.000000 8.000000
4590.000000 5160.000000 9.000000
6382.000000 148.000000 1.000000
7677.000000 6830.000000 6.000000
9068.000000 5148.000000 8.000000
8849.000000 5661.000000 2.000000
1558.000000 3691.000000 4.000000
4019.000000 2075.000000 3.000000
1839.000000 815.000000 3.000000
9678.000000 9269.000000 0.000000
3805.000000 4831.000000 4.000000
1329.000000 4032.000000 2.000000
2649.000000 329.000000 6.000000
8355.000000 6054.000000 3.000000
8382.000000 2845.000000 3.000000
951.000000 888.000000 5.000000
2587.000000 4489.000000 5.000000
1850.000000 9875.000000 6.000000
2071.000000 3997.000000 7.000000
496.000000 1581.000000 2.000000
6183.000000 6968.000000 5.000000
7638.000000 8510.000000 8.000000
7600.000000 6020.000000 8.000000
6584.000000 9806.000000 9.000000
1584.000000 759.000000 9.000000
6892.000000 237.000000 1.000000
4651.000000 188.000000 8.000000
5929.000000 5206.000000 8.000000
6738.000000 7937.000000 0.000000
2782.000000 9836.000000 6.000000
1715.000000 6547.000000 0.000000
4946.000000 9230.000000 1.000000
1766.000000 3534.000000 8.000000
3959.000000 9097.000000 2.000000
6534.000000 1687.000000 7.000000
407.000000 3539.000000 1.000000
418.000000 3084.000000 8.000000
2697.000000 1991.000000 1.000000
9709.000000 8643.000000 10.000000
1623.000000 1641.000000 9.000000
6478.000000 7899.000000 4.000000
1603.000000 7875.000000 0.000000
5814.000000 2683.000000 10.000000
4078.000000 8879.000000 0.000000
9142.000000 8363.000000 1.000000
7796.000000 7438.000000 10.000000
1740.000000 2029.000000 8.000000
1872.000000 3792.000000 9.000000
5840.000000 1372.000000 2.000000
7850.000000 8016.000000 2.000000
8129.000000 9013.000000 6.000000
2308.000000 6125.000000 4.000000
6467.000000 712.000000 1.000000
3634.000000 6863.000000 10.000000
2475.000000 6153.000000 1.000000
6080.000000 5037.000000 6.000000
4705.000000 7111.000000 3.000000
195.000000 415.000000 10.000000
2329.000000 9529.000000 6.000000
3494.000000 150.000000 1.000000
8755.000000 2925.000000 0.000000
5946.000000 4325.000000 0.000000
6183.000000 9039.000000 10.000000
4660.000000 6523.000000 4.000000
5492.000000 2726.000000 2.000000
653.000000 2747.000000 8.000000
2371.000000 518.000000 0.000000
8522.000000 1528.000000 7.000000
8362.000000 731.000000 6.000000
7267.000000 3581.000000 5.000000
7287.000000 8030.000000 2.000000
3784.000000 7913.000000 2.000000
7144.000000 5170.000000 6.000000
2412.000000 9826.000000 2.000000
6315.000000 5570.000000 5.000000
4527.000000 9804.000000 6.000000
3014.000000 6497.000000 5.000000
7284.000000 72.000000 6.000000
1412.000000 9714.000000 0.000000
7094.000000 1495.000000 3.000000
9511.000000 1523.000000 8.000000
623.000000 8285.000000 8.000000
2329.000000 7092.000000 3.000000
5665.000000 9177.000000 9.000000
306.000000 2558.000000 4.000000
9465.000000 1229.000000 3.000000
5379.000000 7610.000000 3.000000
5243.000000 399.000000 0.000000
4404.000000 7119.000000 7.000000
7981.000000 8852.000000 0.000000
5938.000000 6096.000000 4.000000
3423.000000 7237.000000 2.000000
7474.000000 4718.000000 9.000000
7967.000000 1497.000000 4.000000
5650.000000 2445.000000 1.000000
6649.000000 2970.000000 7.000000
2929.000000 6896.000000 2.000000
2534.000000 1168.000000 6.000000
4860.000000 785.000000 9.000000
9938.000000 7626.000000 5.000000
779.000000 1201.000000 6.000000
1418.000000 1118.000000 5.000000
8306.000000 2786.000000 7.000000
6263.000000 9283.000000 4.000000
1949.000000 4579.000000 5.000000
6930.000000 4087.000000 2.000000
6250.000000 8530.000000 0.000000
4979.000000 7800.000000 0.000000
3393.000000 8776.000000 9.000000
6181.000000 4961.000000 1.000000
1532.000000 9266.000000 2.000000
9039.000000 905.000000 7.000000
6850.000000 3291.000000 9.000000
9377.000000 3568.000000 8.000000
5452.000000 328.000000 4.000000
4446.000000 5890.000000 8.000000
221.000000 5778.000000 8.000000
208.000000 898.000000 6.000000
3281.000000 7610.000000 7.000000
7500.000000 3364.000000 6.000000
7984.000000 7947.000000 6.000000
2669.000000 4636.000000 6.000000
9841.000000 3816.000000 6.000000
9275.000000 7050.000000 0.000000
5241.000000 6881.000000 6.000000
259.000000 2947.000000 0.000000
5496.000000 8137.000000 2.000000
4057.000000 5049.000000 1.000000
7733.000000 480.000000 3.000000
37.000000 6349.000000 3.000000
2370.000000 6747.000000 7.000000
7555.000000 3182.000000 10.000000
893.000000 1739.000000 8.000000
6162.000000 8899.000000 4.000000
4034.000000 1240.000000 9.000000
615.000000 5633.000000 6.000000
5895.000000 108.000000 10.000000
992.000000 1763.000000 8.000000
1145.000000 469.000000 6.000000
2542.000000 2662.000000 4.000000
629.000000 851.000000 10.000000
3648.000000 1809.000000 10.000000
7893.000000 1521.000000 4.000000
1211.000000 4314.000000 5.000000
933.000000 3716.000000 10.000000
7727.000000 1493.000000 10.000000
5749.000000 9847.000000 8.000000
5832.000000 3915.000000 8.000000
3011.000000 2836.000000 2.000000
3.000000 2692.000000 1.000000
8973.000000 8492.000000 9.000000
1590.000000 776.000000 6.000000
8237.000000 9221.000000 3.000000
9292.000000 5228.000000 10.000000
5026.000000 323.000000 9.000000
8840.000000 4120.000000 0.000000
8819.000000 8132.000000 1.000000
3022.000000 5047.000000 7.000000
1982.000000 3490.000000 5.000000
9507.000000 1139.000000 2.000000
9064.000000 9216.000000 0.000000
6407.000000 2367.000000 5.000000
4202.000000 5311.000000 10.000000
8471.000000 3157.000000 10.000000
6351.000000 7038.000000 9.000000
7640.000000 5519.000000 3.000000
8308.000000 8967.000000 0.000000
8408.000000 866.000000 1.000000
5322.000000 681.000000 2.000000
2857.000000 2548.000000 4.000000
2954.000000 1308.000000 2.000000
9357.000000 7089.000000 4.000000
4849.000000 1072.000000 9.000000
8817.000000 6172.000000 6.000000
2167.000000 3837.000000 5.000000
9871.000000 5353.000000 2.000000
2604.000000 565.000000 9.000000
3701.000000 8930.000000 1.000000
8212.000000 3932.000000 5.000000
1270.000000 6834.000000 7.000000
9150.000000 7130.000000 8.000000
5341.000000 3143.000000 10.000000
2225.000000 2054.000000 3.000000
495.000000 8090.000000 0.000000
2522.000000 9928.000000 10.000000
5030.000000 2877.000000 9.000000
7790.000000 3786.000000 8.000000
2614.000000 6898.000000 10.000000
8670.000000 1480.000000 0.000000
5101.000000 7653.000000 0.000000
4263.000000 2624.000000 8.000000
4882.000000 9067.000000 2.000000
4054.000000 9661.000000 7.000000
7688.000000 900.000000 6.000000
3494.000000 9235.000000 8.000000
5092.000000 183.000000 7.000000
8305.000000 9599.000000 5.000000
2488.000000 7610.000000 6.000000
375.000000 1963.000000 8.000000
1514.000000 9397.000000 7.000000
4143.000000 2711.000000 4.000000
473.000000 797.000000 2.000000
9648.000000 3159.000000 8.000000
7031.000000 1940.000000 4.000000
5473.000000 1366.000000 6.000000
3005.000000 8546.000000 5.000000
358.000000 6943.000000 1.000000
7302.000000 4291.000000 1.000000
5631.000000 3901.000000 6.000000
7017.000000 4224.000000 1.000000
906.000000 8237.000000 6.000000
6520.000000 4870.000000 6.000000
719.000000 4713.000000 5.000000
204.000000 6567.000000 1.000000
901.000000 7952.000000 4.000000
9003.000000 6461.000000 2.000000
6905.000000 5787.000000 3.000000
5949.000000 2444.000000 5.000000
6476.000000 7753.000000 6.000000
2585.000000 342.000000 9.000000
479.000000 6212.000000 3.000000
7466.000000 2393.000000 7.000000
5186.000000 8882.000000 3.000000
9432.000000 4009.000000 4.000000
5185.000000 1868.000000 7.000000
6272.000000 3259.000000 3.000000
4494.000000 1803.000000 0.000000
6508.000000 1668.000000 1.000000
1694.000000 8435.000000 8.000000
3038.000000 7632.000000 4.000000
8589.000000 6096.000000 7.000000
7385.000000 5022.000000 7.000000
880.000000 1040.000000 9.000000
3502.000000 6493.000000 2.000000
4386.000000 8350.000000 2.000000
8575.000000 1291.000000 10.000000
3649.000000 8654.000000 10.000000
4372.000000 7772.000000 6.000000
6423.000000 9856.000000 8.000000
8409.000000 9234.000000 4.000000
5379.000000 8178.000000 6.000000
2439.000000 2431.000000 8.000000
5683.000000 2092.000000 4.000000
9382.000000 6470.000000 7.000000
191.000000 9891.000000 3.000000
9106.000000 868.000000 8.000000
8925.000000 2100.000000 10.000000
1004.000000 5086.000000 7.000000
1795.000000 2079.000000 5.000000
674.000000 6326.000000 5.000000
563.000000 7967.000000 3.000000
5724.000000 6509.000000 6.000000
9901.000000 3505.000000 9.000000
2283.000000 1602.000000 8.000000
677.000000 616.000000 1.000000
1651.000000 1761.000000 9.000000
4584.000000 7607.000000 0.000000
6264.000000 3823.000000 1.000000
4150.000000 9592.000000 5.000000
6243.000000 3192.000000 7.000000
4221.000000 4032.000000 0.000000
9493.000000 4331.000000 8.000000
8751.000000 5637.000000 10.000000
5702.000000 7650.000000 4.000000
5911.000000 7093.000000 0.000000
1544.000000 4217.000000 6.000000
9044.000000 8461.000000 1.000000
4950.000000 4969.000000 10.000000
9881.000000 3747.000000 4.000000
9457.000000 9010.000000 10.000000
522.000000 656.000000 10.000000
3883.000000 3168.000000 10.000000
957.000000 2457.000000 10.000000
3375.000000 426.000000 3.000000
9096.000000 9688.000000 1.000000
5820.000000 6917.000000 9.000000
3347.000000 6914.000000 5.000000
7603.000000 1420.000000 6.000000
5442.000000 528.000000 2.000000
5561.000000 2596.000000 0.000000
5115.000000 5216.000000 8.000000
7575.000000 867.000000 9.000000
4209.000000 6448.000000 3.000000
8983.000000 5968.000000 9.000000
739.000000 9961.000000 5.000000
1055.000000 3280.000000 4.000000
5044.000000 5539.000000 3.000000
9692.000000 3043.000000 6.000000
6599.000000 6281.000000 6.000000
9567.000000 7833.000000 0.000000
3375.000000 5429.000000 0.000000
9752.000000 1.000000 0.000000
9067.000000 100.000000 7.000000
9462.000000 182.000000 5.000000
652.000000 5055.000000 1.000000
839.000000 6161.000000 10.000000
2086.000000 2757.000000 6.000000
4529.000000 3263.000000 4.000000
7077.000000 9004.000000 5.000000
7680.000000 9230.000000 1.000000
2390.000000 5883.000000 10.000000
8399.000000 6862.000000 7.000000
3776.000000 600.000000 3.000000
9759.000000 5220.000000 10.000000
115.000000 333.000000 6.000000
7218.000000 4247.000000 10.000000
8258.000000 5810.000000 8.000000
9546.000000 2429.000000 8.000000
891.000000 5840.000000 7.000000
9812.000000 2097.000000 6.000000
7555.000000 5595.000000 0.000000
9544.000000 3539.000000 2.000000
1364.000000 3666.000000 10.000000
6529.000000 6945.000000 2.000000
362.000000 5790.000000 0.000000
7436.000000 2726.000000 7.000000
2273.000000 9264.000000 5.000000
982.000000 694.000000 0.000000
1418.000000 5158.000000 8.000000
2569.000000 9051.000000 8.000000
7613.000000 595.000000 5.000000
2626.000000 7465.000000 4.000000
2580.000000 3397.000000 1.000000
7957.000000 3408.000000 10.000000
7596.000000 412.000000 3.000000
7310.000000 2262.000000 8.000000
59.000000 2101.000000 2.000000
4820.000000 8939.000000 4.000000
2042.000000 4395.000000 2.000000
603.000000 2237.000000 4.000000
4616.000000 7752.000000 10.000000
6838.000000 2683.000000 7.000000
16.000000 7909.000000 9.000000
4604.000000 7454.000000 0.000000
2042.000000 7362.000000 6.000000
333.000000 9456.000000 0.000000
3148.000000 8681.000000 4.000000
9770.000000 7641.000000 4.000000
1055.000000 6410.000000 5.000000
6218.000000 6933.000000 1.000000
3200.000000 7330.000000 5.000000
2.000000 63.000000 6.000000
8496.000000 8879.000000 9.000000
2125.000000 6546.000000 1.000000
6049.000000 5442.000000 7.000000
9812.000000 245.000000 3.000000
860.000000 9429.000000 1.000000
1370.000000 5833.000000 5.000000
3294.000000 2413.000000 10.000000
9480.000000 2795.000000 5.000000
1023.000000 5063.000000 3.000000
4390.000000 4234.000000 5.000000
5918.000000 309.000000 0.000000
9888.000000 8285.000000 10.000000
4513.000000 6915.000000 10.000000
6683.000000 9110.000000 2.000000
6180.000000 2955.000000 7.000000
5465.000000 8879.000000 4.000000
7814.000000 3031.000000 5.000000
6996.000000 6412.000000 2.000000
8113.000000 6091.000000 3.000000
9642.000000 6193.000000 9.000000
2131.000000 963.000000 5.000000
3790.000000 7588.000000 2.000000
7516.000000 3238.000000 2.000000
5931.000000 4244.000000 10.000000
3094.000000 5044.000000 8.000000
2119.000000 2822.000000 10.000000
5231.000000 2701.000000 5.000000
2519.000000 5249.000000 8.000000
8559.000000 5479.000000 9.000000
623.000000 2966.000000 0.000000
1281.000000 6552.000000 10.000000
8868.000000 3160.000000 1.000000
9631.000000 6247.000000 10.000000
7163.000000 8922.000000 0.000000
8679.000000 1668.000000 7.000000
810.000000 7404.000000 1.000000
9413.000000 4159.000000 3.000000
1918.000000 2487.000000 1.000000
4681.000000 7512.000000 6.000000
8406.000000 468.000000 5.000000
3232.000000 6722.000000 2.000000
6420.000000 9615.000000 6.000000
8389.000000 6951.000000 8.000000
4616.000000 3153.000000 6.000000
4895.000000 5169.000000 2.000000
9102.000000 4205.000000 4.000000
4224.000000 3096.000000 2.000000
1746.000000 4229.000000 6.000000
5792.000000 1498.000000 6.000000
467.000000 1476.000000 0.000000
8588.000000 6096.000000 6.000000
1171.000000 153.000000 3.000000
3692.000000 770.000000 6.000000
9940.000000 9756.000000 3.000000
3331.000000 9776.000000 7.000000
4144.000000 9608.000000 4.000000
4619.000000 8901.000000 5.000000
8247.000000 3392.000000 8.000000
686.000000 121.000000 5.000000
7849.000000 7936.000000 7.000000
4934.000000 8113.000000 1.000000
3767.000000 5160.000000 1.000000
3402.000000 2642.000000 10.000000
5879.000000 8460.000000 7.000000
2319.000000 4023.000000 1.000000
9798.000000 7919.000000 9.000000
515.000000 5448.000000 0.000000
5923.000000 3553.000000 8.000000
3996.000000 3924.000000 6.000000
8739.000000 7259.000000 9.000000
9623.000000 5568.000000 10.000000
2819.000000 3219.000000 5.000000
965.000000 8080.000000 7.000000
4778.000000 4252.000000 9.000000
3287.000000 2784.000000 2.000000
3366.000000 7256.000000 9.000000
934.000000 2337.000000 0.000000
8123.000000 1794.000000 7.000000
6126.000000 9880.000000 6.000000
9432.000000 8063.000000 7.000000
4453.000000 9962.000000 1.000000
6599.000000 5340.000000 0.000000
3202.000000 3152.000000 2.000000
474.000000 2016.000000 8.000000
7006.000000 5902.000000 2.000000
5677.000000 8361.000000 9.000000
5797.000000 3450.000000 1.000000
1949.000000 7036.000000 1.000000
4777.000000 8543.000000 3.000000
3193.000000 2046.000000 6.000000
1475.000000 2553.000000 0.000000
7712.000000 842.000000 3.000000
3437.000000 2788.000000 7.000000
4860.000000 9393.000000 7.000000
1951.000000 6302.000000 0.000000
4728.000000 1618.000000 10.000000
2094.000000 9866.000000 6.000000
4905.000000 5395.000000 4.000000
1009.000000 8251.000000 6.000000
3071.000000 6116.000000 8.000000
9787.000000 4996.000000 3.000000
6941.000000 9238.000000 1.000000
2808.000000 4612.000000 5.000000
9228.000000 9335.000000 9.000000
2579.000000 6572.000000 10.000000
6184.000000 206.000000 5.000000
7651.000000 8611.000000 2.000000
6798.000000 4421.000000 7.000000
3635.000000 4292.000000 3.000000
106.000000 5178.000000 1.000000
3363.000000 1271.000000 1.000000
9418.000000 7469.000000 8.000000
5239.000000 4750.000000 5.000000
2586.000000 6943.000000 0.000000
4308.000000 6391.000000 6.000000
2180.000000 7496.000000 4.000000
7686.000000 8549.000000 6.000000
2845.000000 2915.000000 6.000000
5207.000000 3486.000000 10.000000
9159.000000 9271.000000 7.000000
1545.000000 8870.000000 7.000000
3189.000000 1176.000000 2.000000
8556.000000 4542.000000 8.000000
6389.000000 8015.000000 6.000000
9316.000000 4468.000000 5.000000
1625.000000 8274.000000 6.000000
4470.000000 2129.000000 2.000000
8315.000000 7800.000000 9.000000
9525.000000 9372.000000 0.000000
7299.000000 7985.000000 10.000000
7800.000000 9258.000000 10.000000
583.000000 7608.000000 7.000000
1502.000000 7310.000000 1.000000
2766.000000 2408.000000 2.000000
5629.000000 7968.000000 1.000000
7976.000000 3731.000000 1.000000
3073.000000 3533.000000 10.000000
9826.000000 3492.000000 3.000000
2471.000000 3041.000000 2.000000
2449.000000 2759.000000 7.000000
7306.000000 1564.000000 1.000000
3315.000000 3460.000000 3.000000
1666.000000 6994.000000 9.000000
3487.000000 4118.000000 1.000000
1626.000000 7271.000000 2.000000
6162.000000 5967.000000 8.000000
8436.000000 8672.000000 6.000000
8884.000000 5382.000000 10.000000
8427.000000 9824.000000 9.000000
8726.000000 4835.000000 0.000000
3255.000000 4239.000000 6.000000
7990.000000 3201.000000 10.000000
8327.000000 6691.000000 9.000000
1324.000000 4188.000000 6.000000
5924.000000 8846.000000 6.000000
8793.000000 6742.000000 2.000000
5543.000000 3351.000000 4.000000
2568.000000 8095.000000 3.000000
6990.000000 2791.000000 2.000000
2345.000000 1569.000000 3.000000
7064.000000 9227.000000 7.000000
3011.000000 6955.000000 9.000000
4065.000000 848.000000 2.000000
9648.000000 9516.000000 7.000000
819.000000 863.000000 0.000000
6594.000000 4393.000000 10.000000
9412.000000 1159.000000 6.000000
8855.000000 3655.000000 5.000000
6406.000000 9883.000000 4.000000
6396.000000 3241.000000 1.000000
8604.000000 3740.000000 10.000000
7437.000000 5046.000000 7.000000
3873.000000 6340.000000 2.000000
7030.000000 9746.000000 10.000000
2166.000000 2861.000000 1.000000
5450.000000 1192.000000 6.000000
7103.000000 3525.000000 6.000000
5990.000000 8903.000000 7.000000
4787.000000 4627.000000 5.000000
658.000000 2072.000000 0.000000
6421.000000 7869.000000 7.000000
3821.000000 7209.000000 3.000000
4773.000000 6682.000000 5.000000
3286.000000 6097.000000 7.000000
624.000000 793.000000 5.000000
8324.000000 4722.000000 4.000000
8986.000000 4338.000000 6.000000
4953.000000 469.000000 0.000000
1934.000000 5445.000000 6.000000
765.000000 7644.000000 5.000000
7114.000000 3882.000000 0.000000
8341.000000 3824.000000 4.000000
7360.000000 9272.000000 7.000000
2344.000000 1925.000000 10.000000
4136.000000 2993.000000 10.000000
9962.000000 6354.000000 4.000000
2392.000000 327.000000 1.000000
7580.000000 9600.000000 0.000000
9256.000000 2814.000000 9.000000
359.000000 1892.000000 10.000000
902.000000 8975.000000 9.000000
6665.000000 538.000000 0.000000
5215.000000 7180.000000 2.000000
7668.000000 9997.000000 2.000000
9068.000000 1772.000000 2.000000
4043.000000 4438.000000 10.000000
2458.000000 4480.000000 4.000000
1616.000000 6717.000000 8.000000
1438.000000 36.000000 9.000000
3271.000000 9412.000000 1.000000
2056.000000 4948.000000 0.000000
2812.000000 8764.000000 5.000000
5056.000000 6036.000000 8.000000
4027.000000 8077.000000 5.000000
552.000000 929.000000 1.000000
1379.000000 8814.000000 9.000000
5879.000000 2573.000000 8.000000
6387.000000 3191.000000 3.000000
4001.000000 7900.000000 8.000000
6396.000000 6226.000000 0.000000
4281.000000 1555.000000 6.000000
5109.000000 7317.000000 2.000000
4222.000000 4188.000000 9.000000
8642.000000 9461.000000 9.000000
9407.000000 3726.000000 5.000000
7396.000000 6322.000000 9.000000
9109.000000 2192.000000 6.000000
6570.000000 166.000000 0.000000
9185.000000 9304.000000 0.000000
1640.000000 5672.000000 4.000000
1552.000000 7777.000000 2.000000
6434.000000 5046.000000 9.000000
501.000000 6722.000000 7.000000
1567.000000 814.000000 2.000000
7763.000000 2094.000000 4.000000
864.000000 3967.000000 10.000000
1219.000000 892.000000 7.000000
1387.000000 1783.000000 0.000000
8583.000000 7983.000000 4.000000
1287.000000 3794.000000 7.000000
8857.000000 6712.000000 10.000000
2840.000000 1583.000000 1.000000
5193.000000 8832.000000 5.000000
1640.000000 7259.000000 4.000000
9298.000000 298.000000 7.000000
5246.000000 7425.000000 10.000000
6294.000000 5155.000000 7.000000
8962.000000 5980.000000 8.000000
7829.000000 9278.000000 0.000000
3015.000000 270.000000 1.000000
2724.000000 105.000000 3.000000
760.000000 2171.000000 2.000000
1239.000000 8572.000000 10.000000
9732.000000 9616.000000 2.000000
6861.000000 8451.000000 3.000000
996.000000 9901.000000 2.000000
9672.000000 7067.000000 6.000000
3415.000000 3466.000000 8.000000
6298.000000 1604.000000 2.000000
4915.000000 3117.000000 6.000000
4587.000000 8118.000000 3.000000
530.000000 1308.000000 2.000000
2650.000000 2510.000000 10.000000
9204.000000 9523.000000 2.000000
2071.000000 2399.000000 6.000000
7764.000000 9122.000000 7.000000
7815.000000 7939.000000 2.000000
9970.000000 9866.000000 3.000000
6624.000000 8931.000000 4.000000
1762.000000 3695.000000 3.000000
7775.000000 1206.000000 6.000000
1135.000000 717.000000 6.000000
1910.000000 8204.000000 6.000000
2851.000000 4899.000000 5.000000
2854.000000 8778.000000 10.000000
9385.000000 5465.000000 4.000000
2592.000000 4050.000000 10.000000
5589.000000 3557.000000 3.000000
8239.000000 9409.000000 5.000000
9801.000000 2521.000000 9.000000
498.000000 9274.000000 4.000000
3209.000000 5021.000000 4.000000
7520.000000 3601.000000 3.000000
4870.000000 8379.000000 3.000000
5995.000000 8659.000000 5.000000
2510.000000 7816.000000 1.000000
4326.000000 2246.000000 8.000000
8968.000000 6413.000000 4.000000
8632.000000 4498.000000 5.000000
2819.000000 6570.000000 2.000000
4376.000000 9345.000000 9.000000
1028.000000 9618.000000 1.000000
314.000000 6914.000000 6.000000
5819.000000 7630.000000 4.000000
7197.000000 4996.000000 3.000000
6180.000000 2338.000000 2.000000
2752.000000 712.000000 5.000000
367.000000 8837.000000 2.000000
9232.000000 7212.000000 4.000000
7382.000000 7557.000000 10.000000
8343.000000 2609.000000 5.000000
625.000000 771.000000 2.000000
7108.000000 9349.000000 8.000000
8286.000000 4364.000000 1.000000
3834.000000 8077.000000 5.000000
1288.000000 9354.000000 4.000000
3416.000000 8624.000000 0.000000
9847.000000 5677.000000 10.000000
3993.000000 8748.000000 8.000000
1731.000000 281.000000 6.000000
2479.000000 8281.000000 0.000000
7003.000000 4734.000000 2.000000
2464.000000 2561.000000 1.000000
9754.000000 7938.000000 2.000000
8731.000000 3543.000000 1.000000
3097.000000 4806.000000 1.000000
5838.000000 8288.000000 0.000000
6274.000000 4527.000000 2.000000
7658.000000 6764.000000 3.000000
1572.000000 4937.000000 6.000000
819.000000 532.000000 8.000000
7867.000000 424.000000 10.000000
354.000000 9287.000000 5.000000
7671.000000 8970.000000 1.000000
2293.000000 8475.000000 0.000000
5724.000000 5223.000000 7.000000
9009.000000 8291.000000 8.000000
6845.000000 7493.000000 5.000000
163.000000 8175.000000 2.000000
8927.000000 7227.000000 9.000000
1627.000000 5727.000000 8.000000
7339.000000 2202.000000 6.000000
155.000000 5058.000000 10.000000
7014.000000 6709.000000 4.000000
3059.000000 9069.000000 7.000000
4588.000000 9136.000000 5.000000
1372.000000 7608.000000 6.000000
6434.000000 3245.000000 0.000000
8498.000000 2792.000000 10.000000
1840.000000 8336.000000 6.000000
4049.000000 6753.000000 0.000000
5772.000000 758.000000 1.000000
6082.000000 5523.000000 5.000000
7606.000000 2746.000000 10.000000
9619.000000 1420.000000 8.000000
8555.000000 2897.000000 0.000000
4604.000000 2648.000000 10.000000
5194.000000 6049.000000 0.000000
4036.000000 7260.000000 2.000000
9856.000000 7362.000000 2.000000
8868.000000 6789.000000 3.000000
8528.000000 3065.000000 1.000000
6469.000000 3820.000000 0.000000
3656.000000 7892.000000 8.000000
111.000000 4641.000000 1.000000
2855.000000 2157.000000 1.000000
3828.000000 4667.000000 1.000000
4220.000000 3862.000000 9.000000
6005.000000 9580.000000 10.000000
3116.000000 1254.000000 1.000000
6162.000000 281.000000 3.000000
8998.000000 6753.000000 1.000000
9789.000000 4044.000000 10.000000
4282.000000 6125.000000 9.000000
5166.000000 8225.000000 7.000000
5867.000000 8178.000000 4.000000
7226.000000 5862.000000 6.000000
1290.000000 3588.000000 2.000000
5419.000000 6471.000000 5.000000
2627.000000 3673.000000 10.000000
6701.000000 8880.000000 10.000000
6362.000000 3243.000000 8.000000
7802.000000 5880.000000 4.000000
3149.000000 8026.000000 6.000000
1152.000000 5851.000000 1.000000
9084.000000 1722.000000 10.000000
2189.000000 7029.000000 1.000000
5585.000000 6792.000000 10.000000
2517.000000 1347.000000 3.000000
9276.000000 2753.000000 0.000000
4794.000000 9503.000000 0.000000
5825.000000 5957.000000 9.000000
1651.000000 9892.000000 8.000000
8919.000000 4378.000000 2.000000
5844.000000 2422.000000 2.000000
1334.000000 9711.000000 8.000000
7107.000000 9703.000000 7.000000
14.000000 6389.000000 2.000000
932.000000 7365.000000 5.000000
3914.000000 9117.000000 5.000000
5922.000000 6885.000000 0.000000
3674.000000 2976.000000 3.000000
6577.000000 3849.000000 7.000000
9056.000000 4937.000000 9.000000
7210.000000 3924.000000 8.000000
2961.000000 3227.000000 1.000000
8339.000000 8051.000000 5.000000
5261.000000 9933.000000 10.000000
2620.000000 8497.000000 7.000000
8136.000000 3069.000000 6.000000
3442.000000 4333.000000 8.000000
4310.000000 9911.000000 6.000000
8353.000000 6522.000000 2.000000
5080.000000 7771.000000 4.000000
260.000000 9431.000000 5.000000
9999.000000 5577.000000 1.000000
2198.000000 5940.000000 9.000000
3987.000000 901.000000 9.000000
999.000000 6651.000000 0.000000
8105.000000 8306.000000 2.000000
3695.000000 1051.000000 0.000000
9185.000000 1748.000000 9.000000
672.000000 6045.000000 7.000000
4664.000000 5075.000000 4.000000
2351.000000 6404.000000 7.000000
5353.000000 194.000000 10.000000
2825.000000 2434.000000 9.000000
3767.000000 5695.000000 1.000000
6122.000000 7736.000000 8.000000
9937.000000 3537.000000 8.000000
9186.000000 6494.000000 1.000000
4229.000000 9070.000000 3.000000
9489.000000 6941.000000 6.000000
3783.000000 8826.000000 5.000000
669.000000 6795.000000 0.000000
675.000000 7770.000000 1.000000
9521.000000 7646.000000 8.000000
137.000000 5767.000000 4.000000
1177.000000 2622.000000 2.000000
7526.000000 4052.000000 9.000000
1686.000000 8053.000000 5.000000
9183.000000 1807.000000 4.000000
7020.000000 5465.000000 4.000000
4485.000000 4452.000000 3.000000
595.000000 9056.000000 10.000000
1956.000000 9050.000000 10.000000
8810.000000 7138.000000 3.000000
7575.000000 6341.000000 1.000000
447.000000 103.000000 9.000000
4428.000000 920.000000 10.000000
139.000000 9779.000000 6.000000
9659.000000 5950.000000 6.000000
2319.000000 6486.000000 0.000000
2975.000000 7316.000000 5.000000
1452.000000 4475.000000 7.000000
3394.000000 3943.000000 1.000000
2147.000000 7982.000000 10.000000
1682.000000 6073.000000 0.000000
1002.000000 6021.000000 3.000000
7739.000000 2370.000000 4.000000
324.000000 3404.000000 8.000000
6976.000000 8299.000000 3.000000
6984.000000 4226.000000 8.000000
2528.000000 5346.000000 8.000000
9874.000000 927.000000 2.000000
2743.000000 7069.000000 5.000000
323.000000 7623.000000 8.000000
4395.000000 5545.000000 5.000000
3156.000000 9109.000000 1.000000
6014.000000 6843.000000 0.000000
6985.000000 478.000000 7.000000
2359.000000 2264.000000 7.000000
5401.000000 9451.000000 8.000000
183.000000 4674.000000 1.000000
6916.000000 7490.000000 7.000000
4478.000000 2127.000000 7.000000
8864.000000 1467.000000 9.000000
6043.000000 5454.000000 0.000000
1566.000000 2252.000000 7.000000
1281.000000 1501.000000 8.000000
8111.000000 4997.000000 5.000000
7642.000000 9264.000000 10.000000
1316.000000 1110.000000 4.000000
1639.000000 5007.000000 7.000000
1346.000000 7112.000000 8.000000
963.000000 6317.000000 0.000000
3552.000000 7774.000000 4.000000
3209.000000 3248.000000 10.000000
7110.000000 6213.000000 7.000000
2859.000000 8565.000000 8.000000
8858.000000 1868.000000 5.000000
1718.000000 3410.000000 10.000000
4648.000000 7112.000000 3.000000
1541.000000 4906.000000 5.000000
4465.000000 4416.000000 6.000000
1135.000000 5736.000000 3.000000
3534.000000 5287.000000 1.000000
1869.000000 4940.000000 8.000000
8613.000000 1293.000000 8.000000
6849.000000 4313.000000 1.000000
2680.000000 8023.000000 2.000000
3231.000000 517.000000 5.000000
1540.000000 313.000000 10.000000
7421.000000 6949.000000 0.000000
9486.000000 8639.000000 8.000000
2021.000000 8748.000000 10.000000
4243.000000 3101.000000 5.000000
4417.000000 211.000000 8.000000
9634.000000 9009.000000 8.000000
4243.000000 6833.000000 8.000000
3348.000000 6905.000000 2.000000
8442.000000 3955.000000 0.000000
564.000000 3398.000000 0.000000
5766.000000 3191.000000 5.000000
1196.000000 151.000000 5.000000
7947.000000 808.000000 2.000000
3509.000000 2233.000000 3.000000
8885.000000 8719.000000 1.000000
5131.000000 8452.000000 9.000000
558.000000 8485.000000 3.000000
7072.000000 3381.000000 9.000000
4996.000000 5923.000000 9.000000
4477.000000 5325.000000 3.000000
2226.000000 1975.000000 9.000000
1755.000000 9858.000000 3.000000
2779.000000 3945.000000 7.000000
3243.000000 3738.000000 2.000000
2234.000000 571.000000 2.000000
525.000000 7192.000000 2.000000
6836.000000 6937.000000 2.000000
4026.000000 1256.000000 5.000000
1650.000000 5040.000000 1.000000
3889.000000 6413.000000 9.000000
3847.000000 6268.000000 6.000000
6125.000000 176.000000 4.000000
2523.000000 8262.000000 6.000000
5017.000000 5783.000000 3.000000
9896.000000 5186.000000 10.000000
1180.000000 5285.000000 1.000000
3239.000000 2341.000000 5.000000
3140.000000 5611.000000 10.000000
2934.000000 2152.000000 9.000000
5134.000000 8433.000000 1.000000
4799.000000 244.000000 10.000000
3083.000000 4870.000000 8.000000
2051.000000 7796.000000 3.000000
5931.000000 1743.000000 8.000000
1695.000000 5368.000000 7.000000
8608.000000 7930.000000 7.000000
8954.000000 1765.000000 10.000000
5060.000000 8185.000000 7.000000
1234.000000 6375.000000 3.000000
6006.000000 1826.000000 5.000000
4232.000000 2706.000000 9.000000
4756.000000 957.000000 2.000000
4729.000000 4970.000000 0.000000
9491.000000 2685.000000 10.000000
7468.000000 4867.000000 7.000000
6835.000000 9562.000000 2.000000
6340.000000 1688.000000 3.000000
5274.000000 1246.000000 0.000000
46.000000 9791.000000 5.000000
9148.000000 1211.000000 8.000000
1097.000000 1637.000000 6.000000
2646.000000 8172.000000 9.000000
2777.000000 8672.000000 0.000000
4758.000000 2151.000000 5.000000
1258.000000 56.000000 8.000000
4238.000000 6495.000000 8.000000
4411.000000 6212.000000 6.000000
6542.000000 5961.000000 8.000000
4554.000000 7427.000000 0.000000
6683.000000 6076.000000 8.000000
6744.000000 5942.000000 0.000000
9076.000000 7787.000000 7.000000
9090.000000 9652.000000 7.000000
8085.000000 7228.000000 2.000000
4610.000000 6793.000000 3.000000
2723.000000 5268.000000 4.000000
5887.000000 6860.000000 5.000000
8071.000000 68.000000 8.000000
4262.000000 5634.000000 0.000000
7478.000000 1820.000000 9.000000
4344.000000 5780.000000 4.000000
2408.000000 591.000000 2.000000
2625.000000 3412.000000 8.000000
7359.000000 4271.000000 0.000000
5762.000000 5397.000000 10.000000
186.000000 3299.000000 2.000000
7225.000000 190.000000 8.000000
9142.000000 7354.000000 8.000000
5594.000000 1299.000000 0.000000
5376.000000 5435.000000 9.000000
5417.000000 7111.000000 5.000000
2006.000000 7812.000000 0.000000
2009.000000 6330.000000 5.000000
6200.000000 2161.000000 0.000000
9579.000000 8948.000000 10.000000
6323.000000 7539.000000 6.000000
947.000000 2912.000000 2.000000
5529.000000 6297.000000 7.000000
2249.000000 4662.000000 3.000000
6259.000000 5766.000000 5.000000
7513.000000 3426.000000 9.000000
717.000000 2773.000000 7.000000
5774.000000 9025.000000 8.000000
9709.000000 2354.000000 3.000000
1242.000000 1525.000000 4.000000
6129.000000 1026.000000 4.000000
1962.000000 1980.000000 7.000000
5028.000000 5440.000000 5.000000
6076.000000 8874.000000 4.000000
5416.000000 8539.000000 0.000000
8990.000000 497.000000 7.000000
8987.000000 870.000000 9.000000
3871.000000 1640.000000 2.000000
6148.000000 5326.000000 2.000000
6823.000000 6073.000000 5.000000
3002.000000 4343.000000 9.000000
5344.000000 3983.000000 5.000000
127.000000 6986.000000 0.000000
5693.000000 2357.000000 0.000000
4857.000000 7220.000000 8.000000
7473.000000 5647.000000 1.000000
3313.000000 7962.000000 10.000000
491.000000 1600.000000 8.000000
3866.000000 7620.000000 3.000000
7243.000000 1939.000000 7.000000
6081.000000 8.000000 0.000000
9724.000000 6129.000000 8.000000
5770.000000 4784.000000 2.000000
942.000000 9199.000000 7.000000
2840.000000 2129.000000 8.000000
31.000000 3968.000000 7.000000
1443.000000 4250.000000 9.000000
1189.000000 8053.000000 0.000000
4917.000000 9075.000000 8.000000
8033.000000 7390.000000 2.000000
9664.000000 6779.000000 6.000000
9684.000000 791.000000 8.000000
3766.000000 2550.000000 7.000000
6683.000000 6823.000000 2.000000
1279.000000 1562.000000 4.000000
5770.000000 6661.000000 4.000000
7750.000000 2936.000000 8.000000
8300.000000 1862.000000 0.000000
2634.000000 3094.000000 1.000000
9776.000000 7819.000000 3.000000
596.000000 8342.000000 7.000000
3591.000000 8749.000000 1.000000
8675.000000 5525.000000 0.000000
7201.000000 4860.000000 10.000000
4570.000000 3185.000000 3.000000
2749.000000 845.000000 7.000000
2230.000000 668.000000 10.000000
180.000000 9433.000000 3.000000
6966.000000 1479.000000 6.000000
1252.000000 8228.000000 10.000000
7577.000000 9977.000000 3.000000
2699.000000 4339.000000 2.000000
7420.000000 7394.000000 7.000000
2164.000000 8544.000000 1.000000
7824.000000 7694.000000 7.000000
7957.000000 1174.000000 6.000000
3959.000000 9413.000000 7.000000
6494.000000 6954.000000 9.000000
144.000000 1896.000000 0.000000
2098.000000 6066.000000 0.000000
1341.000000 7295.000000 7.000000
4649.000000 1271.000000 4.000000
846.000000 8726.000000 10.000000
7352.000000 9991.000000 5.000000
7015.000000 5208.000000 3.000000
7701.000000 740.000000 8.000000
3372.000000 8791.000000 9.000000
8753.000000 8935.000000 2.000000
7280.000000 1608.000000 5.000000
3470.000000 8114.000000 2.000000
6711.000000 1200.000000 1.000000
1761.000000 9868.000000 8.000000
3542.000000 8942.000000 6.000000
4797.000000 9302.000000 0.000000
221.000000 6837.000000 7.000000
1621.000000 6532.000000 3.000000
4882.000000 3261.000000 2.000000
7452.000000 3568.000000 1.000000
3375.000000 4162.000000 3.000000
5436.000000 3954.000000 10.000000
4485.000000 1582.000000 7.000000
1144.000000 552.000000 7.000000
1228.000000 3193.000000 5.000000
4527.000000 1562.000000 3.000000
6356.000000 7580.000000 6.000000
7759.000000 1432.000000 7.000000
2380.000000 2056.000000 1.000000
4555.000000 1251.000000 1.000000
4098.000000 6258.000000 10.000000
8761.000000 120.000000 1.000000
317.000000 2106.000000 0.000000
8324.000000 2661.000000 6.000000
4531.000000 7832.000000 10.000000
7984.000000 4015.000000 9.000000
5904.000000 5408.000000 3.000000
6509.000000 8721.000000 10.000000
420.000000 6201.000000 8.000000
2755.000000 5651.000000 6.000000
2651.000000 9005.000000 7.000000
1878.000000 5936.000000 10.000000
6427.000000 6913.000000 3.000000
5391.000000 8946.000000 4.000000
6795.000000 9673.000000 7.000000
8598.000000 9761.000000 4.000000
5943.000000 3636.000000 5.000000
2864.000000 6322.000000 4.000000
534.000000 9090.000000 2.000000
5298.000000 9725.000000 7.000000
6268.000000 8859.000000 6.000000
8181.000000 957.000000 9.000000
2168.000000 1864.000000 4.000000
9524.000000 8192.000000 10.000000
8477.000000 8966.000000 5.000000
943.000000 2741.000000 3.000000
8347.000000 4975.000000 4.000000
8512.000000 503.000000 7.000000
824.000000 5837.000000 6.000000
6742.000000 5032.000000 3.000000
2673.000000 3008.000000 2.000000
8876.000000 5624.000000 8.000000
7480.000000 7405.000000 10.000000
1584.000000 9526.000000 3.000000
4289.000000 5918.000000 10.000000
2700.000000 3401.000000 0.000000
4449.000000 1999.000000 8.000000
9475.000000 1969.000000 6.000000
5273.000000 4619.000000 5.000000
240.000000 485.000000 10.000000
3573.000000 6642.000000 9.000000
9318.000000 164.000000 3.000000
8318.000000 8584.000000 4.000000
2968.000000 736.000000 10.000000
7954.000000 5504.000000 9.000000
6482.000000 1592.000000 1.000000
605.000000 2829.000000 10.000000
3056.000000 833.000000 3.000000
7998.000000 4600.000000 1.000000
8317.000000 4205.000000 3.000000
3162.000000 4519.000000 8.000000
4672.000000 3740.000000 1.000000
258.000000 241.000000 5.000000
4561.000000 3967.000000 10.000000
8558.000000 7779.000000 8.000000
4423.000000 2144.000000 7.000000
8666.000000 8722.000000 10.000000
7574.000000 2179.000000 3.000000
1516.000000 2141.000000 5.000000
2327.000000 4262.000000 10.000000
7774.000000 3437.000000 8.000000
9469.000000 7979.000000 10.000000
1497.000000 1911.000000 3.000000
2803.000000 6490.000000 3.000000
2037.000000 4719.000000 4.000000
1678.000000 599.000000 5.000000
8478.000000 7287.000000 7.000000
6315.000000 7656.000000 5.000000
302.000000 8330.000000 5.000000
5990.000000 3414.000000 2.000000
5584.000000 7366.000000 9.000000
2799.000000 8520.000000 9.000000
3824.000000 5712.000000 8.000000
12.000000 6380.000000 2.000000
2169.000000 4763.000000 5.000000
126.000000 9180.000000 6.000000
1622.000000 8452.000000 2.000000
6648.000000 3599.000000 7.000000
4846.000000 9114.000000 2.000000
226.000000 4554.000000 0.000000
2198.000000 473.000000 9.000000
5070.000000 8047.000000 6.000000
2106.000000 2649.000000 6.000000
1348.000000 8266.000000 2.000000
8582.000000 2348.000000 5.000000
5579.000000 8439.000000 0.000000
5380.000000 8316.000000 4.000000
8933.000000 967.000000 9.000000
630.000000 4845.000000 4.000000
5556.000000 1403.000000 4.000000
6732.000000 2002.000000 1.000000
7581.000000 1437.000000 6.000000
6102.000000 9430.000000 4.000000
939.000000 3867.000000 2.000000
9574.000000 8513.000000 3.000000
3324.000000 5051.000000 2.000000
4178.000000 7226.000000 3.000000
4874.000000 4049.000000 7.000000
2980.000000 9147.000000 8.000000
9013.000000 5727.000000 4.000000
2307.000000 6163.000000 1.000000
2493.000000 3380.000000 3.000000
9880.000000 2068.000000 7.000000
6146.000000 258.000000 5.000000
3080.000000 8099.000000 0.000000
5600.000000 8116.000000 8.000000
5352.000000 1955.000000 3.000000
5978.000000 3565.000000 8.000000
720.000000 134.000000 4.000000
4465.000000 1305.000000 1.000000
4831.000000 4065.000000 4.000000
7558.000000 4658.000000 10.000000
4436.000000 5699.000000 10.000000
8058.000000 8915.000000 7.000000
4966.000000 6212.000000 1.000000
7467.000000 8251.000000 9.000000
7001.000000 7226.000000 1.000000
