5933.000000 294.000000 0.000000
3579.000000 3482.000000 4.000000
4588.000000 3085.000000 10.000000
510.000000 6838.000000 1.000000
8222.000000 7105.000000 4.000000
9471.000000 7604.000000 4.000000
656.000000 5622.000000 3.000000
132.000000 7170.000000 7.000000
627.000000 9234.000000 8.000000
918.000000 7442.000000 1.000000
9980.000000 9779.000000 9.000000
7858.000000 6752.000000 8.000000
2693.000000 8042.000000 6.000000
2247.000000 6121.000000 9.000000
11.000000 1644.000000 3.000000
6790.000000 2363.000000 4.000000
6425.000000 4424.000000 10.000000
2808.000000 1140.000000 0.000000
1398.000000 926.000000 5.000000
4826.000000 7189.000000 3.000000
9924.000000 512.000000 3.000000
4914.000000 1614.000000 9.000000
1195.000000 5998.000000 6.000000
6280.000000 3539.000000 2.000000
2116.000000 7563.000000 1.000000
7287.000000 8122.000000 0.000000
2808.000000 7170.000000 5.000000
5129.000000 6501.000000 4.000000
4493.000000 703.000000 4.000000
1176.000000 635.000000 6.000000
9911.000000 9536.000000 3.000000
1174.000000 6614.000000 0.000000
