4648.000000 4386.000000 5.000000
9057.000000 1311.000000 4.000000
4116.000000 9334.000000 3.000000
148.000000 4554.000000 4.000000
536.000000 4947.000000 1.000000
9225.000000 509.000000 3.000000
4144.000000 4534.000000 8.000000
4027.000000 285.000000 7.000000
5478.000000 2839.000000 9.000000
6729.000000 7682.000000 6.000000
9885.000000 3310.000000 0.000000
5484.000000 9048.000000 10.000000
7733.000000 8361.000000 1.000000
1398.000000 8512.000000 4.000000
1568.000000 9345.000000 9.000000
1416.000000 1307.000000 0.000000
47.000000 3666.000000 3.000000
7674.000000 8026.000000 9.000000
7799.000000 3642.000000 8.000000
4900.000000 4114.000000 7.000000
8507.000000 785.000000 8.000000
1595.000000 1391.000000 5.000000
3149.000000 3455.000000 1.000000
9490.000000 8054.000000 1.000000
8093.000000 5067.000000 6.000000
7455.000000 8298.000000 10.000000
2461.000000 5170.000000 9.000000
9055.000000 5191.000000 8.000000
7365.000000 3631.000000 3.000000
5351.000000 1683.000000 9.000000
5106.000000 1272.000000 5.000000
3522.000000 2329.000000 8.000000
9432.000000 1340.000000 4.000000
8739.000000 2793.000000 5.000000
2536.000000 738.000000 10.000000
8235.000000 966.000000 3.000000
4477.000000 9458.000000 7.000000
5297.000000 4899.000000 4.000000
6408.000000 5792.000000 7.000000
8591.000000 8863.000000 4.000000
898.000000 6242.000000 5.000000
6432.000000 4441.000000 9.000000
5185.000000 1059.000000 0.000000
7555.000000 7121.000000 7.000000
5658.000000 1274.000000 0.000000
9389.000000 7977.000000 2.000000
6290.000000 717.000000 10.000000
1642.000000 1906.000000 4.000000
9292.000000 8376.000000 5.000000
7070.000000 2440.000000 5.000000
692.000000 6658.000000 4.000000
7293.000000 5972.000000 5.000000
5687.000000 6128.000000 5.000000
6252.000000 8116.000000 0.000000
8460.000000 1096.000000 4.000000
7309.000000 5947.000000 0.000000
6494.000000 7081.000000 2.000000
5469.000000 8564.000000 9.000000
7557.000000 4672.000000 9.000000
9577.000000 8763.000000 3.000000
1495.000000 1251.000000 10.000000
8104.000000 8816.000000 3.000000
3475.000000 8506.000000 9.000000
9991.000000 992.000000 6.000000
