839.000000 1.000000 10.000000
394.000000 642.000000 9.000000
399.000000 457.000000 4.000000
589.000000 438.000000 1.000000
452.000000 529.000000 0.000000
331.000000 860.000000 8.000000
271.000000 882.000000 10.000000
390.000000 866.000000 10.000000
759.000000 456.000000 10.000000
646.000000 44.000000 0.000000
103.000000 497.000000 5.000000
877.000000 247.000000 5.000000
590.000000 245.000000 7.000000
662.000000 878.000000 2.000000
63.000000 577.000000 5.000000
883.000000 990.000000 8.000000
95.000000 314.000000 6.000000
380.000000 616.000000 6.000000
382.000000 863.000000 8.000000
413.000000 239.000000 5.000000
857.000000 209.000000 10.000000
920.000000 21.000000 5.000000
4.000000 389.000000 0.000000
229.000000 411.000000 7.000000
659.000000 114.000000 3.000000
637.000000 319.000000 2.000000
14.000000 264.000000 8.000000
51.000000 489.000000 8.000000
279.000000 68.000000 5.000000
817.000000 850.000000 2.000000
24.000000 593.000000 6.000000
117.000000 645.000000 5.000000
10.000000 586.000000 6.000000
232.000000 31.000000 8.000000
19.000000 195.000000 2.000000
870.000000 552.000000 1.000000
963.000000 71.000000 7.000000
992.000000 612.000000 1.000000
299.000000 377.000000 4.000000
238.000000 978.000000 3.000000
84.000000 943.000000 10.000000
923.000000 529.000000 2.000000
9.000000 400.000000 4.000000
331.000000 761.000000 9.000000
377.000000 783.000000 6.000000
696.000000 426.000000 3.000000
713.000000 11.000000 2.000000
307.000000 996.000000 6.000000
431.000000 327.000000 6.000000
630.000000 126.000000 0.000000
787.000000 132.000000 1.000000
358.000000 944.000000 9.000000
551.000000 734.000000 3.000000
612.000000 783.000000 0.000000
191.000000 942.000000 7.000000
844.000000 500.000000 8.000000
983.000000 995.000000 9.000000
619.000000 768.000000 10.000000
725.000000 494.000000 2.000000
243.000000 894.000000 4.000000
317.000000 263.000000 7.000000
859.000000 680.000000 3.000000
82.000000 568.000000 0.000000
580.000000 567.000000 8.000000
933.000000 128.000000 1.000000
261.000000 441.000000 1.000000
535.000000 421.000000 9.000000
210.000000 847.000000 2.000000
484.000000 342.000000 3.000000
769.000000 782.000000 2.000000
89.000000 72.000000 8.000000
644.000000 788.000000 6.000000
389.000000 3.000000 7.000000
486.000000 678.000000 8.000000
138.000000 549.000000 8.000000
364.000000 64.000000 1.000000
606.000000 861.000000 9.000000
13.000000 762.000000 3.000000
23.000000 636.000000 6.000000
871.000000 557.000000 5.000000
94.000000 402.000000 4.000000
0.000000 141.000000 1.000000
360.000000 394.000000 0.000000
734.000000 713.000000 9.000000
78.000000 291.000000 10.000000
767.000000 737.000000 4.000000
585.000000 80.000000 7.000000
512.000000 480.000000 4.000000
319.000000 459.000000 1.000000
539.000000 506.000000 5.000000
122.000000 319.000000 8.000000
961.000000 881.000000 1.000000
568.000000 151.000000 1.000000
803.000000 571.000000 8.000000
275.000000 291.000000 10.000000
200.000000 407.000000 4.000000
187.000000 487.000000 8.000000
473.000000 42.000000 3.000000
529.000000 652.000000 10.000000
222.000000 134.000000 6.000000
277.000000 577.000000 3.000000
391.000000 91.000000 9.000000
695.000000 689.000000 2.000000
800.000000 37.000000 9.000000
844.000000 724.000000 0.000000
809.000000 775.000000 7.000000
541.000000 930.000000 10.000000
814.000000 728.000000 6.000000
414.000000 819.000000 0.000000
652.000000 822.000000 10.000000
171.000000 338.000000 8.000000
995.000000 314.000000 2.000000
655.000000 947.000000 9.000000
466.000000 797.000000 2.000000
664.000000 460.000000 4.000000
559.000000 368.000000 10.000000
334.000000 961.000000 5.000000
392.000000 665.000000 4.000000
397.000000 740.000000 4.000000
541.000000 967.000000 8.000000
130.000000 743.000000 4.000000
353.000000 865.000000 7.000000
201.000000 921.000000 0.000000
792.000000 610.000000 4.000000
353.000000 590.000000 2.000000
772.000000 307.000000 9.000000
444.000000 891.000000 0.000000
465.000000 968.000000 3.000000
133.000000 512.000000 8.000000
886.000000 581.000000 1.000000
46.000000 73.000000 8.000000
264.000000 959.000000 5.000000
391.000000 860.000000 5.000000
782.000000 799.000000 9.000000
937.000000 827.000000 1.000000
882.000000 1000.000000 10.000000
322.000000 590.000000 8.000000
382.000000 962.000000 7.000000
238.000000 429.000000 6.000000
190.000000 633.000000 7.000000
218.000000 495.000000 10.000000
678.000000 742.000000 9.000000
369.000000 997.000000 7.000000
858.000000 951.000000 6.000000
822.000000 999.000000 4.000000
984.000000 135.000000 3.000000
627.000000 970.000000 8.000000
949.000000 704.000000 3.000000
867.000000 764.000000 10.000000
667.000000 501.000000 7.000000
322.000000 955.000000 4.000000
431.000000 121.000000 5.000000
944.000000 111.000000 0.000000
223.000000 84.000000 4.000000
180.000000 345.000000 0.000000
370.000000 455.000000 7.000000
829.000000 883.000000 8.000000
442.000000 20.000000 8.000000
93.000000 650.000000 10.000000
356.000000 616.000000 1.000000
205.000000 615.000000 10.000000
644.000000 879.000000 4.000000
590.000000 16.000000 8.000000
103.000000 746.000000 10.000000
664.000000 197.000000 6.000000
443.000000 340.000000 1.000000
624.000000 719.000000 3.000000
931.000000 84.000000 1.000000
923.000000 145.000000 9.000000
941.000000 441.000000 2.000000
575.000000 744.000000 4.000000
417.000000 676.000000 7.000000
626.000000 632.000000 2.000000
871.000000 167.000000 6.000000
288.000000 517.000000 5.000000
504.000000 92.000000 7.000000
646.000000 822.000000 5.000000
299.000000 708.000000 8.000000
665.000000 346.000000 6.000000
481.000000 519.000000 2.000000
142.000000 670.000000 0.000000
420.000000 257.000000 9.000000
742.000000 910.000000 9.000000
198.000000 874.000000 6.000000
802.000000 66.000000 10.000000
942.000000 446.000000 10.000000
157.000000 169.000000 0.000000
648.000000 891.000000 4.000000
948.000000 432.000000 7.000000
408.000000 275.000000 6.000000
817.000000 937.000000 2.000000
8.000000 926.000000 6.000000
726.000000 391.000000 3.000000
163.000000 290.000000 9.000000
850.000000 433.000000 2.000000
542.000000 654.000000 2.000000
645.000000 923.000000 8.000000
181.000000 794.000000 8.000000
152.000000 615.000000 4.000000
436.000000 666.000000 9.000000
811.000000 898.000000 3.000000
929.000000 52.000000 7.000000
927.000000 805.000000 8.000000
636.000000 643.000000 4.000000
811.000000 817.000000 4.000000
48.000000 237.000000 7.000000
42.000000 47.000000 8.000000
542.000000 78.000000 5.000000
968.000000 185.000000 2.000000
179.000000 951.000000 9.000000
803.000000 89.000000 1.000000
983.000000 825.000000 2.000000
719.000000 119.000000 2.000000
859.000000 772.000000 9.000000
561.000000 225.000000 10.000000
459.000000 432.000000 9.000000
670.000000 318.000000 6.000000
590.000000 223.000000 7.000000
995.000000 738.000000 7.000000
203.000000 716.000000 5.000000
139.000000 489.000000 6.000000
844.000000 439.000000 4.000000
713.000000 231.000000 8.000000
917.000000 117.000000 5.000000
743.000000 507.000000 0.000000
163.000000 315.000000 7.000000
563.000000 921.000000 9.000000
298.000000 364.000000 0.000000
818.000000 21.000000 2.000000
898.000000 223.000000 5.000000
889.000000 47.000000 1.000000
418.000000 733.000000 2.000000
716.000000 404.000000 6.000000
872.000000 17.000000 9.000000
284.000000 233.000000 9.000000
895.000000 408.000000 10.000000
69.000000 570.000000 8.000000
239.000000 511.000000 0.000000
184.000000 881.000000 3.000000
909.000000 863.000000 4.000000
321.000000 841.000000 3.000000
584.000000 890.000000 5.000000
354.000000 559.000000 5.000000
693.000000 610.000000 4.000000
715.000000 437.000000 9.000000
32.000000 67.000000 5.000000
29.000000 939.000000 10.000000
406.000000 369.000000 8.000000
546.000000 728.000000 10.000000
211.000000 507.000000 8.000000
1.000000 397.000000 8.000000
327.000000 111.000000 1.000000
518.000000 717.000000 0.000000
841.000000 977.000000 5.000000
596.000000 212.000000 5.000000
68.000000 422.000000 9.000000
275.000000 632.000000 5.000000
105.000000 193.000000 3.000000
156.000000 324.000000 6.000000
743.000000 956.000000 7.000000
976.000000 549.000000 4.000000
353.000000 285.000000 9.000000
711.000000 984.000000 8.000000
498.000000 565.000000 8.000000
881.000000 370.000000 6.000000
540.000000 991.000000 0.000000
963.000000 993.000000 9.000000
282.000000 215.000000 0.000000
667.000000 339.000000 2.000000
984.000000 92.000000 10.000000
385.000000 888.000000 2.000000
302.000000 942.000000 6.000000
515.000000 363.000000 8.000000
159.000000 550.000000 8.000000
118.000000 703.000000 8.000000
797.000000 129.000000 5.000000
950.000000 857.000000 10.000000
149.000000 802.000000 6.000000
971.000000 797.000000 2.000000
703.000000 217.000000 1.000000
783.000000 286.000000 3.000000
110.000000 546.000000 4.000000
468.000000 445.000000 10.000000
20.000000 961.000000 9.000000
13.000000 314.000000 9.000000
707.000000 5.000000 4.000000
226.000000 537.000000 2.000000
529.000000 918.000000 6.000000
839.000000 198.000000 6.000000
472.000000 527.000000 1.000000
547.000000 565.000000 9.000000
501.000000 632.000000 3.000000
367.000000 225.000000 9.000000
777.000000 247.000000 10.000000
132.000000 217.000000 0.000000
167.000000 815.000000 7.000000
463.000000 471.000000 1.000000
302.000000 624.000000 9.000000
308.000000 800.000000 3.000000
110.000000 569.000000 4.000000
921.000000 414.000000 10.000000
684.000000 78.000000 3.000000
194.000000 32.000000 3.000000
387.000000 872.000000 0.000000
911.000000 193.000000 3.000000
233.000000 340.000000 5.000000
102.000000 414.000000 4.000000
865.000000 590.000000 7.000000
625.000000 891.000000 9.000000
533.000000 173.000000 4.000000
241.000000 586.000000 6.000000
562.000000 149.000000 9.000000
919.000000 412.000000 10.000000
928.000000 544.000000 8.000000
925.000000 524.000000 1.000000
910.000000 707.000000 4.000000
617.000000 537.000000 9.000000
520.000000 458.000000 10.000000
271.000000 933.000000 2.000000
756.000000 614.000000 3.000000
335.000000 150.000000 3.000000
563.000000 352.000000 5.000000
849.000000 22.000000 4.000000
226.000000 605.000000 1.000000
664.000000 512.000000 7.000000
204.000000 122.000000 0.000000
105.000000 209.000000 0.000000
149.000000 213.000000 7.000000
321.000000 631.000000 7.000000
142.000000 26.000000 4.000000
979.000000 93.000000 10.000000
660.000000 372.000000 4.000000
898.000000 985.000000 5.000000
26.000000 213.000000 0.000000
61.000000 787.000000 1.000000
51.000000 741.000000 4.000000
653.000000 655.000000 6.000000
360.000000 654.000000 3.000000
306.000000 382.000000 0.000000
209.000000 675.000000 1.000000
85.000000 675.000000 7.000000
439.000000 575.000000 8.000000
227.000000 796.000000 9.000000
200.000000 18.000000 8.000000
150.000000 995.000000 3.000000
649.000000 479.000000 0.000000
162.000000 844.000000 9.000000
159.000000 153.000000 7.000000
129.000000 700.000000 1.000000
430.000000 108.000000 2.000000
730.000000 418.000000 9.000000
432.000000 172.000000 1.000000
294.000000 918.000000 3.000000
750.000000 157.000000 10.000000
310.000000 868.000000 3.000000
695.000000 725.000000 5.000000
861.000000 78.000000 4.000000
422.000000 255.000000 3.000000
34.000000 711.000000 2.000000
239.000000 597.000000 10.000000
558.000000 881.000000 5.000000
140.000000 683.000000 6.000000
576.000000 484.000000 10.000000
329.000000 606.000000 1.000000
532.000000 329.000000 2.000000
960.000000 691.000000 4.000000
605.000000 854.000000 9.000000
87.000000 446.000000 9.000000
651.000000 14.000000 3.000000
490.000000 856.000000 4.000000
870.000000 848.000000 3.000000
905.000000 39.000000 4.000000
356.000000 659.000000 7.000000
254.000000 970.000000 5.000000
122.000000 792.000000 5.000000
558.000000 954.000000 8.000000
266.000000 648.000000 4.000000
926.000000 327.000000 3.000000
712.000000 365.000000 1.000000
543.000000 404.000000 1.000000
739.000000 375.000000 8.000000
367.000000 650.000000 7.000000
188.000000 779.000000 1.000000
697.000000 782.000000 4.000000
680.000000 230.000000 5.000000
722.000000 965.000000 3.000000
357.000000 824.000000 0.000000
613.000000 447.000000 8.000000
373.000000 234.000000 6.000000
499.000000 607.000000 6.000000
726.000000 160.000000 0.000000
696.000000 394.000000 7.000000
411.000000 610.000000 0.000000
613.000000 18.000000 8.000000
783.000000 595.000000 1.000000
592.000000 547.000000 2.000000
355.000000 825.000000 3.000000
404.000000 616.000000 10.000000
973.000000 192.000000 9.000000
269.000000 424.000000 0.000000
154.000000 224.000000 0.000000
433.000000 980.000000 5.000000
560.000000 96.000000 2.000000
568.000000 95.000000 0.000000
727.000000 77.000000 3.000000
604.000000 898.000000 1.000000
425.000000 230.000000 3.000000
266.000000 59.000000 4.000000
526.000000 164.000000 2.000000
761.000000 120.000000 5.000000
174.000000 879.000000 3.000000
552.000000 415.000000 1.000000
883.000000 374.000000 1.000000
520.000000 863.000000 10.000000
594.000000 265.000000 3.000000
450.000000 292.000000 7.000000
180.000000 411.000000 5.000000
610.000000 716.000000 0.000000
496.000000 617.000000 2.000000
603.000000 271.000000 4.000000
525.000000 872.000000 8.000000
359.000000 481.000000 6.000000
124.000000 401.000000 6.000000
570.000000 111.000000 4.000000
278.000000 672.000000 0.000000
776.000000 519.000000 3.000000
183.000000 168.000000 10.000000
744.000000 662.000000 8.000000
521.000000 653.000000 8.000000
992.000000 750.000000 3.000000
431.000000 301.000000 2.000000
809.000000 472.000000 9.000000
521.000000 783.000000 3.000000
68.000000 16.000000 6.000000
315.000000 78.000000 7.000000
807.000000 624.000000 5.000000
881.000000 721.000000 2.000000
210.000000 539.000000 3.000000
329.000000 444.000000 5.000000
268.000000 937.000000 4.000000
256.000000 483.000000 6.000000
203.000000 344.000000 6.000000
753.000000 897.000000 3.000000
618.000000 574.000000 5.000000
633.000000 635.000000 0.000000
377.000000 376.000000 8.000000
950.000000 739.000000 5.000000
57.000000 859.000000 1.000000
525.000000 899.000000 10.000000
620.000000 15.000000 1.000000
479.000000 840.000000 4.000000
954.000000 628.000000 7.000000
501.000000 727.000000 4.000000
715.000000 350.000000 4.000000
170.000000 737.000000 2.000000
671.000000 861.000000 10.000000
13.000000 917.000000 0.000000
718.000000 184.000000 8.000000
923.000000 529.000000 5.000000
726.000000 419.000000 0.000000
791.000000 822.000000 4.000000
973.000000 426.000000 5.000000
894.000000 339.000000 9.000000
148.000000 302.000000 6.000000
449.000000 228.000000 4.000000
773.000000 618.000000 3.000000
377.000000 952.000000 4.000000
851.000000 695.000000 0.000000
819.000000 818.000000 8.000000
428.000000 134.000000 2.000000
368.000000 283.000000 6.000000
615.000000 686.000000 4.000000
169.000000 853.000000 1.000000
520.000000 862.000000 8.000000
303.000000 100.000000 10.000000
421.000000 784.000000 3.000000
754.000000 187.000000 6.000000
908.000000 128.000000 3.000000
995.000000 196.000000 5.000000
910.000000 778.000000 6.000000
863.000000 523.000000 5.000000
351.000000 987.000000 9.000000
281.000000 145.000000 7.000000
193.000000 900.000000 7.000000
571.000000 789.000000 1.000000
914.000000 616.000000 1.000000
336.000000 490.000000 0.000000
769.000000 601.000000 3.000000
105.000000 882.000000 7.000000
458.000000 16.000000 2.000000
625.000000 365.000000 1.000000
18.000000 701.000000 3.000000
244.000000 973.000000 3.000000
42.000000 450.000000 7.000000
614.000000 974.000000 7.000000
263.000000 809.000000 0.000000
698.000000 408.000000 0.000000
572.000000 65.000000 1.000000
187.000000 875.000000 5.000000
116.000000 636.000000 4.000000
759.000000 181.000000 1.000000
228.000000 398.000000 7.000000
434.000000 968.000000 8.000000
205.000000 794.000000 6.000000
726.000000 29.000000 8.000000
828.000000 257.000000 10.000000
956.000000 323.000000 10.000000
25.000000 533.000000 2.000000
36.000000 643.000000 10.000000
755.000000 142.000000 4.000000
924.000000 751.000000 5.000000
612.000000 532.000000 3.000000
