7652.000000 5096.000000 9.000000
763.000000 8061.000000 6.000000
486.000000 1789.000000 9.000000
479.000000 3014.000000 7.000000
2486.000000 5739.000000 5.000000
5064.000000 3654.000000 5.000000
2835.000000 5707.000000 6.000000
1244.000000 2522.000000 7.000000
7097.000000 328.000000 7.000000
2283.000000 4434.000000 10.000000
6398.000000 3567.000000 5.000000
4416.000000 1641.000000 7.000000
1312.000000 3161.000000 7.000000
1332.000000 3481.000000 1.000000
4884.000000 3490.000000 7.000000
2938.000000 4848.000000 10.000000
630.000000 6219.000000 7.000000
7260.000000 4554.000000 3.000000
7079.000000 6975.000000 3.000000
339.000000 1244.000000 0.000000
956.000000 2910.000000 8.000000
4187.000000 6404.000000 8.000000
2880.000000 7087.000000 4.000000
8555.000000 7252.000000 6.000000
270.000000 9602.000000 0.000000
1914.000000 2510.000000 1.000000
9643.000000 855.000000 1.000000
4384.000000 7672.000000 3.000000
4956.000000 4296.000000 5.000000
5217.000000 876.000000 2.000000
2948.000000 5483.000000 10.000000
5653.000000 1695.000000 6.000000
2838.000000 3139.000000 10.000000
6228.000000 8719.000000 10.000000
5396.000000 6457.000000 4.000000
8649.000000 3426.000000 9.000000
659.000000 9204.000000 4.000000
2197.000000 5712.000000 0.000000
6351.000000 6537.000000 6.000000
9137.000000 9784.000000 3.000000
3469.000000 6299.000000 6.000000
4013.000000 8107.000000 7.000000
3554.000000 8612.000000 3.000000
6275.000000 9355.000000 2.000000
4328.000000 6094.000000 9.000000
34.000000 5003.000000 7.000000
2457.000000 4082.000000 10.000000
6244.000000 938.000000 8.000000
1211.000000 2963.000000 4.000000
3651.000000 5746.000000 4.000000
4162.000000 7525.000000 3.000000
5825.000000 521.000000 2.000000
3966.000000 7724.000000 10.000000
328.000000 2543.000000 1.000000
8564.000000 570.000000 4.000000
1789.000000 9117.000000 4.000000
1172.000000 8071.000000 8.000000
8608.000000 183.000000 6.000000
3056.000000 4948.000000 1.000000
6393.000000 581.000000 5.000000
6621.000000 7274.000000 2.000000
2801.000000 1617.000000 7.000000
9939.000000 2905.000000 1.000000
5337.000000 5637.000000 8.000000
9715.000000 2951.000000 3.000000
664.000000 9344.000000 4.000000
2134.000000 6353.000000 9.000000
1661.000000 9017.000000 10.000000
978.000000 1508.000000 2.000000
9136.000000 4417.000000 5.000000
3676.000000 8333.000000 1.000000
1391.000000 4306.000000 1.000000
1501.000000 4785.000000 0.000000
5664.000000 8631.000000 2.000000
6611.000000 9657.000000 9.000000
1730.000000 8060.000000 8.000000
527.000000 3740.000000 2.000000
9705.000000 6264.000000 4.000000
1075.000000 6707.000000 4.000000
1163.000000 6947.000000 6.000000
4405.000000 5273.000000 9.000000
2627.000000 5943.000000 6.000000
8044.000000 5413.000000 0.000000
7346.000000 3108.000000 10.000000
4565.000000 7051.000000 4.000000
8075.000000 2110.000000 9.000000
9506.000000 6384.000000 3.000000
9761.000000 199.000000 4.000000
1978.000000 4790.000000 5.000000
5769.000000 8881.000000 6.000000
2162.000000 1406.000000 0.000000
430.000000 6301.000000 7.000000
6848.000000 9302.000000 10.000000
373.000000 2151.000000 9.000000
6967.000000 1675.000000 1.000000
5932.000000 3345.000000 7.000000
1669.000000 3716.000000 5.000000
4647.000000 963.000000 7.000000
5725.000000 7081.000000 9.000000
3157.000000 1287.000000 4.000000
7703.000000 3785.000000 2.000000
3662.000000 9880.000000 4.000000
4529.000000 8464.000000 5.000000
5456.000000 1429.000000 5.000000
8385.000000 3875.000000 5.000000
2534.000000 4530.000000 6.000000
5515.000000 7483.000000 8.000000
1868.000000 6055.000000 3.000000
545.000000 5131.000000 6.000000
8982.000000 8855.000000 6.000000
123.000000 9776.000000 6.000000
6415.000000 6216.000000 9.000000
6623.000000 7471.000000 10.000000
7979.000000 5820.000000 8.000000
7569.000000 4300.000000 2.000000
2172.000000 6734.000000 6.000000
3377.000000 4424.000000 0.000000
121.000000 2996.000000 0.000000
9390.000000 7752.000000 2.000000
664.000000 8151.000000 5.000000
9335.000000 6481.000000 1.000000
9839.000000 1979.000000 6.000000
2027.000000 1239.000000 10.000000
9445.000000 2477.000000 3.000000
9821.000000 7986.000000 1.000000
4754.000000 9513.000000 10.000000
3706.000000 9793.000000 8.000000
241.000000 2623.000000 4.000000
6266.000000 8183.000000 7.000000
4933.000000 9256.000000 3.000000
1171.000000 9384.000000 10.000000
2833.000000 3724.000000 4.000000
8569.000000 1576.000000 6.000000
8765.000000 7799.000000 5.000000
5282.000000 6190.000000 6.000000
1826.000000 3882.000000 8.000000
449.000000 980.000000 6.000000
2298.000000 8986.000000 6.000000
7908.000000 2383.000000 0.000000
5119.000000 3085.000000 4.000000
8217.000000 50.000000 1.000000
7548.000000 2489.000000 10.000000
3661.000000 6443.000000 3.000000
6514.000000 8939.000000 1.000000
2825.000000 3851.000000 0.000000
1779.000000 8409.000000 1.000000
4642.000000 9879.000000 9.000000
1527.000000 6265.000000 0.000000
1941.000000 3588.000000 3.000000
1887.000000 9863.000000 9.000000
814.000000 4262.000000 9.000000
1939.000000 1671.000000 7.000000
1554.000000 6518.000000 0.000000
835.000000 8661.000000 9.000000
9865.000000 1478.000000 9.000000
1718.000000 500.000000 10.000000
3369.000000 803.000000 10.000000
2901.000000 8300.000000 3.000000
6245.000000 7456.000000 2.000000
7999.000000 5425.000000 8.000000
3024.000000 9599.000000 0.000000
694.000000 5438.000000 1.000000
301.000000 5175.000000 8.000000
4765.000000 9393.000000 8.000000
6308.000000 5760.000000 5.000000
8841.000000 5390.000000 3.000000
5740.000000 5352.000000 9.000000
8452.000000 9296.000000 10.000000
4855.000000 2865.000000 6.000000
3549.000000 2956.000000 4.000000
5100.000000 9516.000000 1.000000
4297.000000 6975.000000 3.000000
8206.000000 9483.000000 4.000000
7165.000000 7349.000000 4.000000
8725.000000 4170.000000 3.000000
6937.000000 5056.000000 4.000000
9951.000000 2040.000000 2.000000
2747.000000 6703.000000 8.000000
8530.000000 6439.000000 0.000000
7754.000000 2422.000000 4.000000
1452.000000 7745.000000 4.000000
947.000000 8003.000000 10.000000
4776.000000 6956.000000 7.000000
290.000000 9011.000000 2.000000
2766.000000 2991.000000 2.000000
1029.000000 764.000000 2.000000
8875.000000 1960.000000 0.000000
6559.000000 7189.000000 7.000000
4315.000000 6069.000000 10.000000
8500.000000 9925.000000 1.000000
4712.000000 6497.000000 8.000000
2312.000000 126.000000 0.000000
6889.000000 2468.000000 3.000000
1397.000000 2906.000000 5.000000
7877.000000 7001.000000 1.000000
4145.000000 5434.000000 0.000000
8806.000000 487.000000 2.000000
7485.000000 7279.000000 7.000000
6016.000000 6793.000000 7.000000
7803.000000 6012.000000 4.000000
4520.000000 3080.000000 2.000000
915.000000 785.000000 6.000000
5063.000000 5549.000000 1.000000
7593.000000 5967.000000 7.000000
9436.000000 6609.000000 4.000000
3199.000000 9728.000000 5.000000
9025.000000 7501.000000 0.000000
4602.000000 1636.000000 9.000000
3990.000000 3299.000000 3.000000
4832.000000 3216.000000 6.000000
7166.000000 1980.000000 6.000000
1703.000000 6216.000000 6.000000
7489.000000 9430.000000 5.000000
7890.000000 719.000000 0.000000
4409.000000 8179.000000 0.000000
7895.000000 1002.000000 9.000000
9401.000000 8087.000000 5.000000
2786.000000 4364.000000 9.000000
2858.000000 4259.000000 5.000000
9798.000000 7032.000000 0.000000
6419.000000 3190.000000 0.000000
5099.000000 704.000000 0.000000
2228.000000 2621.000000 1.000000
2128.000000 3205.000000 4.000000
9896.000000 4882.000000 2.000000
1213.000000 6329.000000 9.000000
957.000000 4966.000000 10.000000
5258.000000 9775.000000 7.000000
519.000000 5771.000000 8.000000
7448.000000 2098.000000 9.000000
3800.000000 8375.000000 1.000000
8293.000000 420.000000 8.000000
8506.000000 4583.000000 10.000000
5669.000000 6952.000000 7.000000
1403.000000 6276.000000 9.000000
7316.000000 7361.000000 1.000000
255.000000 7161.000000 7.000000
4340.000000 9366.000000 8.000000
4536.000000 5607.000000 3.000000
985.000000 3821.000000 6.000000
8279.000000 4778.000000 7.000000
2278.000000 2454.000000 5.000000
6340.000000 9387.000000 9.000000
6951.000000 8060.000000 10.000000
6227.000000 9255.000000 0.000000
338.000000 9758.000000 4.000000
9165.000000 6592.000000 8.000000
5188.000000 7279.000000 3.000000
9511.000000 5040.000000 8.000000
4333.000000 1982.000000 10.000000
4104.000000 8660.000000 5.000000
8790.000000 8872.000000 4.000000
8768.000000 3520.000000 6.000000
4295.000000 3001.000000 6.000000
6064.000000 9136.000000 2.000000
8231.000000 845.000000 2.000000
