398.000000 369.000000 6.000000
39.000000 20.000000 8.000000
748.000000 971.000000 3.000000
919.000000 225.000000 5.000000
615.000000 760.000000 10.000000
599.000000 427.000000 1.000000
524.000000 493.000000 5.000000
568.000000 950.000000 0.000000
808.000000 532.000000 10.000000
61.000000 754.000000 6.000000
534.000000 406.000000 8.000000
758.000000 984.000000 1.000000
82.000000 642.000000 0.000000
443.000000 342.000000 10.000000
839.000000 517.000000 5.000000
871.000000 636.000000 0.000000
470.000000 439.000000 2.000000
980.000000 6.000000 8.000000
485.000000 266.000000 1.000000
457.000000 861.000000 2.000000
720.000000 419.000000 8.000000
255.000000 216.000000 6.000000
812.000000 560.000000 5.000000
648.000000 550.000000 5.000000
252.000000 482.000000 3.000000
232.000000 276.000000 6.000000
155.000000 645.000000 4.000000
388.000000 864.000000 4.000000
713.000000 66.000000 2.000000
416.000000 449.000000 2.000000
171.000000 503.000000 6.000000
847.000000 227.000000 3.000000
599.000000 136.000000 6.000000
38.000000 493.000000 8.000000
287.000000 630.000000 4.000000
285.000000 36.000000 0.000000
749.000000 129.000000 4.000000
584.000000 466.000000 10.000000
729.000000 424.000000 0.000000
749.000000 446.000000 9.000000
437.000000 803.000000 7.000000
77.000000 841.000000 8.000000
885.000000 507.000000 3.000000
423.000000 831.000000 8.000000
388.000000 935.000000 6.000000
762.000000 25.000000 4.000000
1000.000000 7.000000 8.000000
558.000000 720.000000 6.000000
699.000000 173.000000 9.000000
467.000000 990.000000 6.000000
856.000000 754.000000 8.000000
298.000000 722.000000 0.000000
830.000000 817.000000 4.000000
399.000000 288.000000 2.000000
555.000000 927.000000 4.000000
70.000000 372.000000 6.000000
644.000000 356.000000 1.000000
526.000000 660.000000 9.000000
533.000000 818.000000 5.000000
232.000000 57.000000 8.000000
783.000000 902.000000 0.000000
173.000000 668.000000 5.000000
395.000000 35.000000 8.000000
833.000000 682.000000 8.000000
127.000000 823.000000 6.000000
895.000000 661.000000 3.000000
350.000000 448.000000 3.000000
484.000000 11.000000 7.000000
318.000000 153.000000 2.000000
899.000000 696.000000 2.000000
793.000000 926.000000 0.000000
20.000000 133.000000 7.000000
418.000000 13.000000 7.000000
454.000000 38.000000 5.000000
126.000000 970.000000 8.000000
649.000000 567.000000 9.000000
860.000000 229.000000 4.000000
135.000000 534.000000 6.000000
849.000000 250.000000 6.000000
640.000000 56.000000 10.000000
826.000000 499.000000 7.000000
379.000000 31.000000 6.000000
36.000000 984.000000 8.000000
209.000000 855.000000 6.000000
879.000000 489.000000 3.000000
246.000000 256.000000 7.000000
29.000000 171.000000 2.000000
135.000000 951.000000 8.000000
299.000000 315.000000 9.000000
271.000000 163.000000 7.000000
848.000000 914.000000 2.000000
909.000000 908.000000 7.000000
823.000000 771.000000 6.000000
501.000000 585.000000 9.000000
453.000000 3.000000 4.000000
395.000000 333.000000 2.000000
798.000000 394.000000 5.000000
460.000000 988.000000 7.000000
71.000000 501.000000 3.000000
721.000000 899.000000 0.000000
