302.000000 133.000000 1636.000000
-186.000000 -90.000000 1560.000000
-9.000000 -416.000000 1636.000000
-166.000000 -418.000000 1640.000000
239.000000 -453.000000 1591.000000
-140.000000 470.000000 1579.000000
-12.000000 -247.000000 1594.000000
-431.000000 183.000000 1554.000000
-111.000000 -196.000000 1630.000000
397.000000 -308.000000 1590.000000
220.000000 223.000000 1645.000000
-203.000000 382.000000 1632.000000
241.000000 -477.000000 1568.000000
-362.000000 -364.000000 1577.000000
-100.000000 -172.000000 1646.000000
-324.000000 337.000000 1636.000000
254.000000 -264.000000 1563.000000
379.000000 -255.000000 1580.000000
-78.000000 -179.000000 1584.000000
-315.000000 217.000000 1634.000000
