253.000000 -91.000000 1885.000000
-301.000000 -224.000000 1864.000000
340.000000 462.000000 1810.000000
41.000000 290.000000 1809.000000
338.000000 243.000000 1864.000000
-248.000000 -464.000000 1837.000000
-381.000000 260.000000 1870.000000
-307.000000 -342.000000 1855.000000
370.000000 222.000000 1839.000000
152.000000 -267.000000 1854.000000
-168.000000 15.000000 1852.000000
47.000000 254.000000 1800.000000
382.000000 -310.000000 1857.000000
268.000000 142.000000 1857.000000
136.000000 81.000000 1813.000000
-11.000000 487.000000 1891.000000
-116.000000 -409.000000 1817.000000
-148.000000 -223.000000 1844.000000
240.000000 95.000000 1876.000000
343.000000 268.000000 1848.000000
