6545.000000 2183.000000 6.000000
6167.000000 6598.000000 6.000000
5801.000000 843.000000 2.000000
7205.000000 6648.000000 7.000000
5779.000000 5946.000000 4.000000
1350.000000 3659.000000 7.000000
8217.000000 9940.000000 0.000000
8782.000000 3014.000000 2.000000
688.000000 4034.000000 6.000000
5551.000000 4355.000000 3.000000
2672.000000 9656.000000 7.000000
3165.000000 9492.000000 10.000000
2904.000000 6401.000000 2.000000
3106.000000 3691.000000 8.000000
9376.000000 1608.000000 9.000000
9348.000000 3818.000000 4.000000
7442.000000 3628.000000 0.000000
3989.000000 7597.000000 0.000000
8769.000000 6302.000000 4.000000
620.000000 5108.000000 3.000000
1261.000000 474.000000 0.000000
8848.000000 5519.000000 2.000000
7688.000000 113.000000 3.000000
5224.000000 6266.000000 8.000000
5083.000000 4655.000000 6.000000
7098.000000 9889.000000 0.000000
594.000000 3560.000000 7.000000
3877.000000 2520.000000 7.000000
6000.000000 5610.000000 2.000000
8813.000000 1220.000000 4.000000
6352.000000 1940.000000 7.000000
4966.000000 7367.000000 2.000000
4358.000000 44.000000 9.000000
2117.000000 8947.000000 5.000000
7537.000000 654.000000 2.000000
6535.000000 9844.000000 3.000000
7185.000000 8301.000000 2.000000
3194.000000 7928.000000 4.000000
6458.000000 5258.000000 10.000000
9737.000000 3064.000000 6.000000
1307.000000 8713.000000 3.000000
2771.000000 3886.000000 2.000000
2817.000000 7117.000000 1.000000
5795.000000 9264.000000 3.000000
3345.000000 4376.000000 3.000000
6722.000000 8860.000000 8.000000
4679.000000 6154.000000 4.000000
4435.000000 3146.000000 5.000000
9211.000000 3758.000000 3.000000
7927.000000 9195.000000 2.000000
74.000000 917.000000 3.000000
1986.000000 2655.000000 3.000000
8431.000000 9035.000000 4.000000
8140.000000 4143.000000 1.000000
9139.000000 3241.000000 3.000000
5821.000000 7782.000000 10.000000
3620.000000 1855.000000 7.000000
4393.000000 8857.000000 5.000000
8944.000000 8027.000000 0.000000
4974.000000 5082.000000 0.000000
9855.000000 5842.000000 9.000000
770.000000 8844.000000 3.000000
2560.000000 6456.000000 1.000000
4669.000000 1828.000000 8.000000
3099.000000 3932.000000 0.000000
6387.000000 5350.000000 10.000000
2861.000000 6184.000000 3.000000
2879.000000 8994.000000 9.000000
5478.000000 3887.000000 10.000000
3775.000000 3796.000000 0.000000
2207.000000 3398.000000 2.000000
9923.000000 7225.000000 0.000000
6534.000000 2761.000000 4.000000
5712.000000 5733.000000 9.000000
6408.000000 6875.000000 7.000000
5060.000000 9482.000000 1.000000
3657.000000 9985.000000 4.000000
2669.000000 3669.000000 1.000000
7985.000000 9335.000000 8.000000
7503.000000 7585.000000 5.000000
7340.000000 2769.000000 8.000000
6157.000000 630.000000 4.000000
9892.000000 8489.000000 3.000000
8866.000000 8008.000000 2.000000
8141.000000 8347.000000 10.000000
7984.000000 1980.000000 8.000000
7109.000000 5155.000000 3.000000
2538.000000 125.000000 10.000000
9501.000000 6281.000000 1.000000
9232.000000 1866.000000 0.000000
5337.000000 5286.000000 7.000000
7212.000000 1267.000000 8.000000
9622.000000 7181.000000 3.000000
5693.000000 4795.000000 10.000000
3567.000000 3943.000000 8.000000
4192.000000 4309.000000 3.000000
2912.000000 5974.000000 1.000000
7476.000000 7331.000000 2.000000
3292.000000 1562.000000 5.000000
1954.000000 9778.000000 4.000000
1140.000000 3968.000000 4.000000
3024.000000 6890.000000 5.000000
3512.000000 4722.000000 0.000000
5100.000000 2222.000000 7.000000
2896.000000 5617.000000 5.000000
5851.000000 8959.000000 9.000000
4755.000000 4121.000000 4.000000
4811.000000 7440.000000 4.000000
9576.000000 6798.000000 5.000000
7351.000000 8227.000000 7.000000
6049.000000 7619.000000 5.000000
2211.000000 5770.000000 4.000000
4608.000000 7303.000000 6.000000
3726.000000 7814.000000 8.000000
3602.000000 9461.000000 6.000000
5667.000000 3882.000000 8.000000
7066.000000 1868.000000 9.000000
835.000000 2370.000000 2.000000
1029.000000 6376.000000 8.000000
1168.000000 982.000000 1.000000
1010.000000 3721.000000 7.000000
33.000000 3960.000000 5.000000
3795.000000 6723.000000 10.000000
9045.000000 912.000000 0.000000
1606.000000 8948.000000 9.000000
3067.000000 5010.000000 0.000000
9577.000000 6008.000000 6.000000
4004.000000 5313.000000 5.000000
