114.000000 173.000000 109.000000
182.000000 133.000000 113.000000
-50.000000 59.000000 192.000000
-80.000000 73.000000 144.000000
-166.000000 52.000000 142.000000
-69.000000 168.000000 197.000000
-197.000000 -67.000000 118.000000
52.000000 -27.000000 140.000000
157.000000 34.000000 104.000000
-11.000000 -40.000000 168.000000
-162.000000 75.000000 190.000000
-186.000000 -175.000000 186.000000
46.000000 45.000000 183.000000
-156.000000 149.000000 167.000000
91.000000 -126.000000 151.000000
-189.000000 46.000000 129.000000
98.000000 -30.000000 150.000000
111.000000 -198.000000 198.000000
70.000000 -142.000000 112.000000
110.000000 -134.000000 163.000000
