1732.000000 4452.000000 0.000000
1415.000000 4887.000000 1.000000
2827.000000 7218.000000 3.000000
4692.000000 5670.000000 1.000000
9712.000000 8262.000000 3.000000
9191.000000 573.000000 1.000000
2047.000000 8195.000000 2.000000
8596.000000 2929.000000 4.000000
6356.000000 3572.000000 4.000000
197.000000 881.000000 9.000000
3278.000000 2514.000000 10.000000
2598.000000 3049.000000 4.000000
8329.000000 9423.000000 4.000000
43.000000 7244.000000 10.000000
9636.000000 5745.000000 6.000000
947.000000 1684.000000 7.000000
950.000000 6639.000000 10.000000
2761.000000 7966.000000 5.000000
3662.000000 7140.000000 5.000000
9061.000000 2945.000000 4.000000
6414.000000 2107.000000 7.000000
5900.000000 8539.000000 1.000000
8029.000000 3253.000000 0.000000
4118.000000 48.000000 2.000000
5187.000000 932.000000 8.000000
3896.000000 8063.000000 2.000000
4160.000000 5688.000000 5.000000
7512.000000 57.000000 1.000000
3966.000000 8056.000000 2.000000
7900.000000 6334.000000 7.000000
7670.000000 3425.000000 7.000000
3030.000000 6704.000000 5.000000
2061.000000 1419.000000 6.000000
5638.000000 916.000000 8.000000
9405.000000 9593.000000 10.000000
1392.000000 4237.000000 1.000000
6548.000000 6775.000000 9.000000
6365.000000 5478.000000 3.000000
8663.000000 3057.000000 6.000000
7516.000000 2605.000000 4.000000
9484.000000 7487.000000 4.000000
2241.000000 3463.000000 9.000000
8264.000000 6368.000000 1.000000
7311.000000 1567.000000 2.000000
5084.000000 9615.000000 9.000000
8976.000000 8690.000000 6.000000
3777.000000 1324.000000 10.000000
1632.000000 5142.000000 5.000000
814.000000 1326.000000 1.000000
4782.000000 550.000000 0.000000
6937.000000 919.000000 1.000000
9267.000000 9641.000000 9.000000
1302.000000 6785.000000 0.000000
7291.000000 4254.000000 5.000000
8177.000000 7309.000000 2.000000
4654.000000 3206.000000 0.000000
9438.000000 7759.000000 3.000000
6131.000000 5549.000000 3.000000
4915.000000 5933.000000 3.000000
1117.000000 8457.000000 5.000000
3819.000000 8508.000000 4.000000
1902.000000 3530.000000 0.000000
8033.000000 4785.000000 3.000000
9545.000000 5428.000000 9.000000
5224.000000 5635.000000 6.000000
1687.000000 5925.000000 0.000000
6593.000000 2124.000000 1.000000
4136.000000 8079.000000 5.000000
2503.000000 795.000000 0.000000
4160.000000 2272.000000 4.000000
4905.000000 9962.000000 7.000000
3792.000000 5126.000000 0.000000
8447.000000 2695.000000 9.000000
2013.000000 5151.000000 8.000000
1453.000000 9260.000000 5.000000
5170.000000 8365.000000 4.000000
6477.000000 334.000000 5.000000
4622.000000 8217.000000 7.000000
6885.000000 8103.000000 0.000000
7561.000000 7130.000000 2.000000
8128.000000 623.000000 6.000000
5625.000000 5893.000000 10.000000
8279.000000 3816.000000 8.000000
1612.000000 8615.000000 5.000000
23.000000 1869.000000 5.000000
5823.000000 4535.000000 8.000000
7860.000000 6375.000000 0.000000
2520.000000 8554.000000 2.000000
1709.000000 8799.000000 10.000000
1298.000000 8793.000000 8.000000
8638.000000 7636.000000 5.000000
751.000000 63.000000 0.000000
7926.000000 7530.000000 9.000000
2301.000000 2344.000000 10.000000
2080.000000 5580.000000 2.000000
7219.000000 4141.000000 5.000000
4800.000000 3272.000000 5.000000
8021.000000 8146.000000 4.000000
5312.000000 3692.000000 1.000000
7969.000000 3199.000000 2.000000
9004.000000 7578.000000 7.000000
1707.000000 308.000000 0.000000
1469.000000 1316.000000 2.000000
8257.000000 569.000000 0.000000
1439.000000 5907.000000 5.000000
5622.000000 6334.000000 8.000000
7912.000000 6057.000000 2.000000
2349.000000 8754.000000 6.000000
8938.000000 6221.000000 0.000000
6561.000000 9673.000000 7.000000
2810.000000 5325.000000 8.000000
4208.000000 4493.000000 8.000000
2839.000000 4464.000000 6.000000
8654.000000 9534.000000 10.000000
3495.000000 4338.000000 1.000000
9197.000000 7899.000000 10.000000
5444.000000 6777.000000 2.000000
9168.000000 2864.000000 3.000000
8978.000000 6644.000000 1.000000
8969.000000 1492.000000 6.000000
3498.000000 7351.000000 6.000000
974.000000 8298.000000 7.000000
9935.000000 1049.000000 7.000000
2116.000000 7898.000000 6.000000
4639.000000 6628.000000 3.000000
8302.000000 5013.000000 7.000000
5427.000000 5144.000000 4.000000
209.000000 8798.000000 9.000000
1837.000000 8656.000000 10.000000
2531.000000 8971.000000 1.000000
784.000000 5630.000000 8.000000
3075.000000 2215.000000 9.000000
1456.000000 1628.000000 0.000000
7484.000000 9895.000000 3.000000
4304.000000 1603.000000 2.000000
3702.000000 359.000000 4.000000
8212.000000 9766.000000 7.000000
9333.000000 2522.000000 8.000000
9230.000000 8745.000000 1.000000
9596.000000 5800.000000 5.000000
8195.000000 9130.000000 8.000000
7797.000000 2823.000000 7.000000
3984.000000 5612.000000 7.000000
2490.000000 8376.000000 10.000000
76.000000 8125.000000 3.000000
469.000000 9974.000000 7.000000
2949.000000 1035.000000 8.000000
8819.000000 7869.000000 6.000000
6863.000000 8058.000000 2.000000
1561.000000 7515.000000 7.000000
7222.000000 1171.000000 4.000000
4948.000000 3356.000000 9.000000
3254.000000 8993.000000 0.000000
7595.000000 9140.000000 9.000000
8864.000000 6432.000000 7.000000
9505.000000 5690.000000 6.000000
4542.000000 5010.000000 7.000000
6997.000000 8926.000000 10.000000
5414.000000 2572.000000 5.000000
8435.000000 5008.000000 3.000000
1621.000000 6891.000000 7.000000
5511.000000 8823.000000 6.000000
3006.000000 2840.000000 5.000000
6988.000000 5148.000000 5.000000
9562.000000 3567.000000 1.000000
9528.000000 7679.000000 2.000000
2384.000000 4263.000000 6.000000
2773.000000 4786.000000 3.000000
1492.000000 4200.000000 5.000000
4886.000000 19.000000 0.000000
5794.000000 9623.000000 10.000000
511.000000 470.000000 1.000000
7154.000000 1463.000000 4.000000
4354.000000 4386.000000 9.000000
7287.000000 7565.000000 5.000000
4666.000000 2093.000000 4.000000
3902.000000 9735.000000 8.000000
3965.000000 3547.000000 5.000000
1047.000000 3518.000000 1.000000
8335.000000 3392.000000 0.000000
2800.000000 8110.000000 0.000000
2478.000000 9387.000000 0.000000
2780.000000 7237.000000 4.000000
2364.000000 1169.000000 10.000000
9230.000000 7984.000000 8.000000
2330.000000 289.000000 10.000000
849.000000 9020.000000 1.000000
2788.000000 518.000000 10.000000
5921.000000 8596.000000 0.000000
9626.000000 8322.000000 3.000000
6174.000000 939.000000 7.000000
2153.000000 7481.000000 8.000000
9231.000000 6923.000000 1.000000
8138.000000 2794.000000 2.000000
8052.000000 5426.000000 5.000000
6596.000000 1257.000000 6.000000
1460.000000 4923.000000 9.000000
3100.000000 3075.000000 10.000000
4502.000000 7045.000000 8.000000
7679.000000 5345.000000 7.000000
9867.000000 3550.000000 7.000000
3553.000000 2923.000000 3.000000
8925.000000 6963.000000 3.000000
8624.000000 8451.000000 10.000000
302.000000 345.000000 1.000000
4932.000000 3859.000000 1.000000
54.000000 7633.000000 3.000000
952.000000 2826.000000 9.000000
8563.000000 5854.000000 3.000000
7260.000000 9715.000000 7.000000
99.000000 4862.000000 10.000000
9566.000000 4115.000000 6.000000
6247.000000 6346.000000 4.000000
2271.000000 1580.000000 7.000000
4562.000000 7281.000000 5.000000
8702.000000 5431.000000 6.000000
4364.000000 9910.000000 1.000000
5174.000000 377.000000 8.000000
6908.000000 5383.000000 10.000000
7874.000000 7344.000000 7.000000
9535.000000 885.000000 4.000000
937.000000 8189.000000 3.000000
9075.000000 9156.000000 6.000000
2002.000000 4000.000000 0.000000
8655.000000 6812.000000 0.000000
3893.000000 2836.000000 0.000000
7966.000000 3527.000000 5.000000
447.000000 882.000000 8.000000
5444.000000 5070.000000 10.000000
1953.000000 7734.000000 9.000000
3681.000000 832.000000 4.000000
9952.000000 3745.000000 6.000000
9433.000000 4471.000000 1.000000
1424.000000 6638.000000 2.000000
5343.000000 8143.000000 7.000000
9763.000000 1842.000000 8.000000
9621.000000 7187.000000 1.000000
10000.000000 6438.000000 7.000000
7391.000000 6679.000000 3.000000
601.000000 9220.000000 7.000000
4898.000000 4381.000000 4.000000
6076.000000 2462.000000 1.000000
9576.000000 2452.000000 3.000000
1805.000000 740.000000 3.000000
6679.000000 1072.000000 1.000000
6697.000000 4497.000000 5.000000
2142.000000 1306.000000 5.000000
3919.000000 3978.000000 2.000000
2519.000000 9211.000000 4.000000
9484.000000 6414.000000 5.000000
4181.000000 3721.000000 7.000000
8109.000000 1597.000000 9.000000
2935.000000 5854.000000 7.000000
8213.000000 8380.000000 1.000000
3991.000000 2235.000000 10.000000
3354.000000 3361.000000 4.000000
8644.000000 1670.000000 10.000000
3835.000000 754.000000 0.000000
3722.000000 74.000000 4.000000
2710.000000 3454.000000 0.000000
4569.000000 1278.000000 9.000000
9739.000000 9767.000000 9.000000
5159.000000 6542.000000 3.000000
2576.000000 6480.000000 2.000000
9996.000000 9139.000000 5.000000
2870.000000 5695.000000 5.000000
5194.000000 4783.000000 0.000000
474.000000 4740.000000 9.000000
2792.000000 6421.000000 3.000000
2168.000000 1851.000000 3.000000
3734.000000 230.000000 6.000000
660.000000 9860.000000 8.000000
2636.000000 1597.000000 10.000000
6954.000000 194.000000 7.000000
5915.000000 4613.000000 7.000000
8346.000000 5610.000000 3.000000
6948.000000 6552.000000 1.000000
8265.000000 8787.000000 2.000000
9868.000000 3765.000000 6.000000
5569.000000 5600.000000 5.000000
8127.000000 5295.000000 9.000000
5177.000000 2304.000000 8.000000
8179.000000 3984.000000 5.000000
6239.000000 2690.000000 4.000000
5018.000000 9978.000000 10.000000
3631.000000 3538.000000 1.000000
3640.000000 4444.000000 1.000000
7438.000000 4043.000000 5.000000
9986.000000 3654.000000 2.000000
2144.000000 190.000000 0.000000
2160.000000 7658.000000 8.000000
465.000000 2015.000000 1.000000
9266.000000 7414.000000 2.000000
7221.000000 1838.000000 10.000000
8405.000000 4768.000000 3.000000
6064.000000 6291.000000 4.000000
9119.000000 4212.000000 7.000000
8295.000000 4864.000000 10.000000
8382.000000 2733.000000 4.000000
3414.000000 4172.000000 4.000000
6202.000000 6073.000000 0.000000
1177.000000 9695.000000 1.000000
5494.000000 963.000000 6.000000
7821.000000 1471.000000 9.000000
35.000000 7985.000000 3.000000
2582.000000 4421.000000 10.000000
2801.000000 1518.000000 7.000000
8474.000000 3827.000000 3.000000
4742.000000 1414.000000 3.000000
5311.000000 6551.000000 2.000000
7239.000000 9583.000000 7.000000
1517.000000 7421.000000 5.000000
4663.000000 6932.000000 10.000000
4605.000000 9248.000000 1.000000
9120.000000 9667.000000 5.000000
288.000000 9284.000000 9.000000
8820.000000 8749.000000 1.000000
3335.000000 9939.000000 10.000000
3881.000000 9779.000000 5.000000
8016.000000 330.000000 4.000000
751.000000 5344.000000 0.000000
3262.000000 6078.000000 5.000000
6169.000000 5866.000000 3.000000
5121.000000 6771.000000 8.000000
2289.000000 1872.000000 8.000000
1987.000000 2684.000000 10.000000
3567.000000 2931.000000 0.000000
5961.000000 8858.000000 0.000000
9271.000000 5097.000000 8.000000
1170.000000 3273.000000 5.000000
7239.000000 5784.000000 1.000000
9815.000000 6071.000000 0.000000
5149.000000 6641.000000 10.000000
3877.000000 9587.000000 10.000000
933.000000 2473.000000 8.000000
6067.000000 7941.000000 3.000000
5780.000000 6355.000000 0.000000
6369.000000 3638.000000 8.000000
3565.000000 6772.000000 6.000000
2862.000000 3166.000000 5.000000
9963.000000 4844.000000 10.000000
3850.000000 1591.000000 7.000000
4041.000000 3325.000000 9.000000
3381.000000 4743.000000 2.000000
3444.000000 657.000000 7.000000
8404.000000 2528.000000 3.000000
9141.000000 3685.000000 8.000000
4448.000000 499.000000 10.000000
7537.000000 2451.000000 3.000000
5200.000000 2263.000000 3.000000
6385.000000 3349.000000 5.000000
9727.000000 2002.000000 0.000000
6055.000000 5083.000000 6.000000
6288.000000 6445.000000 2.000000
5590.000000 7262.000000 1.000000
4779.000000 6589.000000 0.000000
6985.000000 1630.000000 1.000000
5244.000000 8371.000000 3.000000
4371.000000 4621.000000 4.000000
5284.000000 1435.000000 6.000000
5565.000000 9032.000000 6.000000
1094.000000 9209.000000 9.000000
7374.000000 8401.000000 4.000000
6414.000000 8094.000000 3.000000
3963.000000 7512.000000 1.000000
4024.000000 8281.000000 9.000000
461.000000 2834.000000 7.000000
7209.000000 2618.000000 8.000000
6101.000000 3771.000000 3.000000
8796.000000 4371.000000 5.000000
7853.000000 9491.000000 6.000000
7439.000000 7874.000000 1.000000
1113.000000 5525.000000 1.000000
9447.000000 7314.000000 2.000000
264.000000 5991.000000 3.000000
6989.000000 2303.000000 6.000000
1831.000000 9771.000000 9.000000
5159.000000 4400.000000 9.000000
2735.000000 3819.000000 0.000000
236.000000 1685.000000 0.000000
4949.000000 2571.000000 4.000000
6280.000000 7865.000000 9.000000
7759.000000 7662.000000 4.000000
1796.000000 6563.000000 4.000000
4473.000000 2564.000000 6.000000
9923.000000 2165.000000 4.000000
629.000000 5210.000000 9.000000
5186.000000 5659.000000 8.000000
8019.000000 5581.000000 3.000000
1812.000000 5925.000000 7.000000
860.000000 2107.000000 5.000000
3279.000000 1516.000000 4.000000
6944.000000 8065.000000 10.000000
1114.000000 2625.000000 8.000000
3387.000000 832.000000 9.000000
4729.000000 8029.000000 9.000000
906.000000 794.000000 7.000000
1635.000000 7011.000000 7.000000
73.000000 6977.000000 0.000000
3215.000000 2247.000000 2.000000
4330.000000 6819.000000 10.000000
9831.000000 7542.000000 6.000000
5711.000000 635.000000 4.000000
1889.000000 4339.000000 8.000000
5941.000000 1065.000000 7.000000
1896.000000 5074.000000 3.000000
4655.000000 2139.000000 9.000000
5635.000000 1987.000000 7.000000
5965.000000 8384.000000 9.000000
1248.000000 1046.000000 10.000000
3514.000000 6025.000000 10.000000
6183.000000 6246.000000 10.000000
51.000000 8007.000000 2.000000
600.000000 7788.000000 10.000000
300.000000 3923.000000 4.000000
2565.000000 9497.000000 10.000000
3089.000000 3206.000000 9.000000
3973.000000 9486.000000 1.000000
8312.000000 4344.000000 5.000000
1215.000000 7622.000000 3.000000
6699.000000 8422.000000 9.000000
5076.000000 55.000000 8.000000
4283.000000 9025.000000 1.000000
9529.000000 9575.000000 3.000000
6505.000000 6677.000000 4.000000
2759.000000 1167.000000 6.000000
6541.000000 4827.000000 10.000000
4290.000000 6916.000000 7.000000
7559.000000 7176.000000 7.000000
9507.000000 1155.000000 0.000000
4440.000000 7834.000000 6.000000
8791.000000 9624.000000 5.000000
9275.000000 7157.000000 5.000000
5852.000000 841.000000 8.000000
9823.000000 8419.000000 0.000000
9353.000000 2144.000000 2.000000
8658.000000 4309.000000 0.000000
3119.000000 8493.000000 7.000000
6484.000000 4529.000000 9.000000
170.000000 1287.000000 2.000000
2912.000000 6776.000000 7.000000
2173.000000 1720.000000 2.000000
8907.000000 9736.000000 0.000000
7636.000000 6263.000000 0.000000
4068.000000 4495.000000 5.000000
4592.000000 6552.000000 6.000000
2183.000000 3703.000000 3.000000
41.000000 1938.000000 7.000000
6083.000000 9716.000000 9.000000
5230.000000 2708.000000 10.000000
8497.000000 5235.000000 3.000000
630.000000 8904.000000 10.000000
3575.000000 7588.000000 10.000000
4699.000000 3611.000000 7.000000
8640.000000 6612.000000 1.000000
7165.000000 7510.000000 10.000000
1381.000000 4378.000000 0.000000
2508.000000 3023.000000 8.000000
8205.000000 73.000000 7.000000
4735.000000 2170.000000 2.000000
186.000000 6066.000000 8.000000
8405.000000 232.000000 1.000000
9562.000000 45.000000 2.000000
7476.000000 8259.000000 1.000000
5357.000000 6404.000000 4.000000
919.000000 7904.000000 0.000000
3741.000000 5226.000000 2.000000
6289.000000 7366.000000 0.000000
4578.000000 6580.000000 5.000000
2525.000000 1719.000000 4.000000
111.000000 4601.000000 5.000000
5960.000000 3059.000000 2.000000
6113.000000 7599.000000 9.000000
8135.000000 478.000000 4.000000
49.000000 9344.000000 7.000000
6049.000000 1701.000000 5.000000
2304.000000 5739.000000 1.000000
9035.000000 2647.000000 3.000000
6165.000000 1804.000000 10.000000
9564.000000 3181.000000 4.000000
8854.000000 6149.000000 7.000000
6074.000000 9072.000000 6.000000
475.000000 8281.000000 3.000000
3759.000000 8088.000000 1.000000
5176.000000 3925.000000 2.000000
5245.000000 672.000000 1.000000
4800.000000 365.000000 10.000000
1733.000000 1180.000000 2.000000
9460.000000 5241.000000 6.000000
2726.000000 410.000000 1.000000
2475.000000 4099.000000 2.000000
6429.000000 8869.000000 3.000000
356.000000 1995.000000 9.000000
2940.000000 2647.000000 7.000000
881.000000 3863.000000 1.000000
2382.000000 9467.000000 2.000000
287.000000 2783.000000 8.000000
1559.000000 110.000000 4.000000
7766.000000 4908.000000 6.000000
9820.000000 4764.000000 9.000000
5231.000000 2125.000000 0.000000
4153.000000 3992.000000 2.000000
3377.000000 3297.000000 2.000000
7301.000000 6532.000000 10.000000
3863.000000 1229.000000 5.000000
9041.000000 5752.000000 0.000000
8097.000000 980.000000 1.000000
1009.000000 158.000000 6.000000
978.000000 7346.000000 0.000000
6100.000000 677.000000 3.000000
4086.000000 4788.000000 7.000000
5333.000000 2341.000000 1.000000
4599.000000 999.000000 5.000000
2410.000000 710.000000 0.000000
9873.000000 5732.000000 9.000000
9789.000000 2993.000000 6.000000
2152.000000 5008.000000 8.000000
5900.000000 4967.000000 8.000000
3420.000000 1443.000000 5.000000
1180.000000 7608.000000 9.000000
847.000000 246.000000 2.000000
2499.000000 29.000000 1.000000
8907.000000 3635.000000 3.000000
9764.000000 3575.000000 5.000000
6544.000000 6743.000000 3.000000
7846.000000 5901.000000 7.000000
2802.000000 5354.000000 8.000000
9329.000000 9634.000000 5.000000
636.000000 6812.000000 4.000000
7251.000000 7646.000000 10.000000
9118.000000 9615.000000 8.000000
2767.000000 2666.000000 7.000000
8147.000000 5625.000000 1.000000
3821.000000 5674.000000 4.000000
1694.000000 1159.000000 1.000000
3982.000000 1630.000000 3.000000
7162.000000 4081.000000 2.000000
5298.000000 9802.000000 4.000000
9566.000000 5724.000000 5.000000
492.000000 859.000000 5.000000
3107.000000 4038.000000 0.000000
4393.000000 111.000000 5.000000
324.000000 5781.000000 0.000000
8989.000000 2615.000000 6.000000
4667.000000 7822.000000 10.000000
7797.000000 7312.000000 8.000000
8732.000000 5545.000000 6.000000
7309.000000 5445.000000 3.000000
1922.000000 5234.000000 1.000000
5111.000000 7792.000000 3.000000
7347.000000 6731.000000 4.000000
5674.000000 3711.000000 9.000000
3151.000000 2132.000000 4.000000
428.000000 9255.000000 7.000000
5047.000000 1729.000000 0.000000
515.000000 1522.000000 7.000000
2874.000000 2236.000000 7.000000
2795.000000 1925.000000 4.000000
6424.000000 9161.000000 8.000000
2526.000000 9909.000000 8.000000
6588.000000 507.000000 0.000000
1383.000000 7339.000000 2.000000
7616.000000 4326.000000 10.000000
3672.000000 4510.000000 3.000000
7990.000000 8673.000000 1.000000
2647.000000 7909.000000 5.000000
7407.000000 397.000000 5.000000
705.000000 7896.000000 7.000000
5546.000000 5024.000000 10.000000
3255.000000 6177.000000 6.000000
7319.000000 1535.000000 4.000000
5259.000000 6760.000000 3.000000
7286.000000 2410.000000 6.000000
7011.000000 667.000000 1.000000
8449.000000 7207.000000 4.000000
1146.000000 2906.000000 3.000000
2074.000000 607.000000 3.000000
2331.000000 7197.000000 10.000000
3426.000000 7973.000000 2.000000
4201.000000 2260.000000 10.000000
487.000000 1275.000000 9.000000
2418.000000 9869.000000 10.000000
3685.000000 855.000000 3.000000
9392.000000 962.000000 0.000000
3617.000000 6586.000000 8.000000
6358.000000 749.000000 2.000000
9653.000000 8668.000000 6.000000
7022.000000 9047.000000 7.000000
1195.000000 1347.000000 10.000000
2100.000000 1399.000000 0.000000
1676.000000 9784.000000 8.000000
5756.000000 9338.000000 10.000000
6547.000000 7821.000000 4.000000
1407.000000 8087.000000 3.000000
2916.000000 7047.000000 1.000000
378.000000 5252.000000 4.000000
8564.000000 8955.000000 8.000000
4948.000000 651.000000 0.000000
3086.000000 3084.000000 2.000000
2224.000000 2815.000000 7.000000
924.000000 7589.000000 3.000000
2652.000000 9640.000000 4.000000
2814.000000 5974.000000 3.000000
8758.000000 4908.000000 7.000000
4892.000000 9320.000000 9.000000
477.000000 4415.000000 6.000000
1839.000000 1727.000000 4.000000
9905.000000 3811.000000 10.000000
6002.000000 776.000000 10.000000
7223.000000 113.000000 7.000000
6117.000000 8769.000000 1.000000
2600.000000 34.000000 8.000000
3933.000000 2842.000000 9.000000
7728.000000 5426.000000 4.000000
8416.000000 9421.000000 5.000000
7855.000000 2356.000000 6.000000
43.000000 3682.000000 6.000000
4408.000000 8873.000000 3.000000
612.000000 1824.000000 5.000000
6958.000000 9478.000000 4.000000
7721.000000 4989.000000 10.000000
5653.000000 9616.000000 5.000000
1860.000000 1427.000000 1.000000
5080.000000 1476.000000 6.000000
6636.000000 8452.000000 4.000000
7988.000000 1840.000000 4.000000
4263.000000 2027.000000 9.000000
4718.000000 5995.000000 2.000000
174.000000 354.000000 2.000000
3450.000000 8162.000000 9.000000
3996.000000 7732.000000 2.000000
5531.000000 8120.000000 0.000000
7594.000000 3496.000000 8.000000
1539.000000 3612.000000 2.000000
5370.000000 9114.000000 5.000000
1515.000000 9652.000000 3.000000
7447.000000 2155.000000 6.000000
7721.000000 7975.000000 10.000000
4605.000000 9645.000000 1.000000
6514.000000 2010.000000 8.000000
8724.000000 7889.000000 4.000000
9945.000000 6895.000000 4.000000
8852.000000 3833.000000 10.000000
1273.000000 814.000000 3.000000
3597.000000 7787.000000 8.000000
348.000000 8698.000000 3.000000
9599.000000 9466.000000 9.000000
8544.000000 815.000000 10.000000
8875.000000 2667.000000 6.000000
279.000000 6020.000000 5.000000
8043.000000 97.000000 4.000000
6722.000000 5478.000000 2.000000
6708.000000 720.000000 5.000000
4196.000000 6583.000000 10.000000
9000.000000 5041.000000 8.000000
9412.000000 8221.000000 2.000000
2615.000000 3017.000000 8.000000
9915.000000 8701.000000 6.000000
9301.000000 9290.000000 7.000000
8834.000000 9732.000000 0.000000
5163.000000 9319.000000 5.000000
3494.000000 7176.000000 5.000000
6873.000000 1106.000000 3.000000
5324.000000 9658.000000 9.000000
6669.000000 6149.000000 4.000000
9022.000000 2235.000000 4.000000
304.000000 1920.000000 3.000000
4499.000000 5736.000000 8.000000
3306.000000 3172.000000 6.000000
3984.000000 5446.000000 6.000000
9373.000000 7872.000000 8.000000
2187.000000 9677.000000 4.000000
6438.000000 3361.000000 9.000000
4974.000000 4979.000000 7.000000
9359.000000 8885.000000 8.000000
8648.000000 382.000000 0.000000
8901.000000 5734.000000 0.000000
2605.000000 6649.000000 0.000000
3566.000000 2545.000000 4.000000
2083.000000 4963.000000 8.000000
9808.000000 717.000000 2.000000
5600.000000 7861.000000 8.000000
8255.000000 8766.000000 4.000000
8527.000000 2390.000000 0.000000
3143.000000 9568.000000 6.000000
4636.000000 6302.000000 8.000000
9396.000000 9211.000000 10.000000
8335.000000 910.000000 1.000000
2247.000000 3281.000000 10.000000
104.000000 3577.000000 7.000000
2695.000000 8845.000000 10.000000
5521.000000 9326.000000 2.000000
6544.000000 1635.000000 5.000000
2736.000000 4791.000000 1.000000
6209.000000 4123.000000 9.000000
7444.000000 9774.000000 8.000000
3258.000000 7307.000000 9.000000
6074.000000 8483.000000 5.000000
2907.000000 2833.000000 1.000000
2060.000000 9181.000000 10.000000
7060.000000 8145.000000 3.000000
5686.000000 9047.000000 5.000000
7203.000000 994.000000 8.000000
6913.000000 791.000000 5.000000
4005.000000 8756.000000 8.000000
5143.000000 9133.000000 5.000000
2057.000000 360.000000 9.000000
6667.000000 7953.000000 10.000000
6979.000000 5484.000000 1.000000
4199.000000 3867.000000 9.000000
4042.000000 4212.000000 1.000000
7501.000000 5685.000000 4.000000
3132.000000 6855.000000 7.000000
2466.000000 8151.000000 0.000000
3491.000000 5505.000000 1.000000
1960.000000 1717.000000 5.000000
3998.000000 9750.000000 2.000000
4513.000000 5262.000000 9.000000
9316.000000 9481.000000 4.000000
9178.000000 6193.000000 1.000000
8242.000000 7900.000000 6.000000
562.000000 8102.000000 2.000000
7249.000000 3130.000000 6.000000
8536.000000 400.000000 0.000000
8136.000000 3668.000000 6.000000
6628.000000 4082.000000 6.000000
7299.000000 258.000000 6.000000
5118.000000 9731.000000 10.000000
4292.000000 9008.000000 9.000000
7263.000000 3260.000000 10.000000
3819.000000 6293.000000 1.000000
9018.000000 5323.000000 0.000000
614.000000 2384.000000 2.000000
9785.000000 6589.000000 7.000000
9068.000000 3338.000000 10.000000
303.000000 1293.000000 8.000000
1647.000000 7437.000000 10.000000
2708.000000 7220.000000 6.000000
8158.000000 3920.000000 7.000000
6351.000000 1824.000000 3.000000
7244.000000 9307.000000 6.000000
5806.000000 2148.000000 3.000000
950.000000 426.000000 3.000000
8816.000000 9713.000000 7.000000
9251.000000 3449.000000 8.000000
3863.000000 8033.000000 2.000000
5921.000000 7604.000000 9.000000
367.000000 7481.000000 7.000000
2916.000000 1060.000000 2.000000
3923.000000 4307.000000 6.000000
1060.000000 8478.000000 0.000000
5480.000000 1678.000000 8.000000
4011.000000 9293.000000 7.000000
9260.000000 4893.000000 10.000000
1247.000000 9957.000000 0.000000
6484.000000 8430.000000 10.000000
9019.000000 6023.000000 10.000000
4562.000000 980.000000 3.000000
6968.000000 1998.000000 1.000000
2466.000000 2205.000000 3.000000
7186.000000 8353.000000 10.000000
4877.000000 3589.000000 2.000000
5153.000000 7673.000000 7.000000
8714.000000 5999.000000 6.000000
786.000000 2830.000000 4.000000
7234.000000 8824.000000 4.000000
8203.000000 4325.000000 2.000000
7887.000000 8226.000000 9.000000
8677.000000 2650.000000 3.000000
5084.000000 8186.000000 8.000000
2508.000000 620.000000 0.000000
897.000000 396.000000 9.000000
936.000000 2903.000000 2.000000
4409.000000 4461.000000 1.000000
5994.000000 374.000000 7.000000
8920.000000 8700.000000 6.000000
3155.000000 8296.000000 7.000000
6681.000000 2160.000000 8.000000
9982.000000 1669.000000 3.000000
3128.000000 504.000000 9.000000
8093.000000 1727.000000 7.000000
6036.000000 9447.000000 5.000000
6914.000000 2140.000000 7.000000
3258.000000 2629.000000 9.000000
6128.000000 6977.000000 10.000000
4686.000000 810.000000 5.000000
6902.000000 8248.000000 7.000000
8728.000000 3689.000000 2.000000
8566.000000 8872.000000 4.000000
5658.000000 4166.000000 8.000000
2562.000000 8719.000000 10.000000
8662.000000 5609.000000 5.000000
7132.000000 5831.000000 7.000000
2715.000000 5876.000000 9.000000
6808.000000 9848.000000 2.000000
320.000000 1689.000000 10.000000
5185.000000 8620.000000 3.000000
5207.000000 6875.000000 10.000000
3924.000000 3078.000000 9.000000
5119.000000 3257.000000 10.000000
8818.000000 7209.000000 0.000000
1731.000000 3498.000000 5.000000
8767.000000 6026.000000 7.000000
7561.000000 9133.000000 10.000000
5594.000000 3596.000000 10.000000
6041.000000 2699.000000 1.000000
1792.000000 3732.000000 6.000000
9903.000000 1588.000000 7.000000
1350.000000 1293.000000 10.000000
6050.000000 2783.000000 1.000000
2339.000000 4708.000000 1.000000
1746.000000 8281.000000 8.000000
4169.000000 7519.000000 5.000000
3332.000000 1415.000000 1.000000
7328.000000 7972.000000 5.000000
243.000000 7630.000000 4.000000
3693.000000 3024.000000 0.000000
9896.000000 4439.000000 2.000000
3419.000000 1145.000000 6.000000
4748.000000 9841.000000 6.000000
134.000000 4265.000000 6.000000
9095.000000 903.000000 6.000000
8417.000000 4038.000000 6.000000
2422.000000 7924.000000 5.000000
4031.000000 67.000000 7.000000
545.000000 6215.000000 6.000000
1747.000000 2776.000000 0.000000
5421.000000 4821.000000 9.000000
8626.000000 4684.000000 5.000000
4193.000000 884.000000 4.000000
5055.000000 6469.000000 8.000000
3841.000000 8831.000000 4.000000
8294.000000 9748.000000 8.000000
3298.000000 6774.000000 0.000000
7349.000000 9149.000000 7.000000
9494.000000 1835.000000 0.000000
1537.000000 8754.000000 10.000000
1179.000000 8224.000000 7.000000
3025.000000 2678.000000 6.000000
6019.000000 6862.000000 9.000000
4949.000000 4119.000000 5.000000
9691.000000 7005.000000 0.000000
9589.000000 5992.000000 9.000000
6636.000000 3997.000000 0.000000
3336.000000 9434.000000 0.000000
6349.000000 4646.000000 4.000000
5458.000000 2747.000000 9.000000
7434.000000 3666.000000 5.000000
6146.000000 3192.000000 0.000000
869.000000 8069.000000 3.000000
8299.000000 9400.000000 8.000000
772.000000 2620.000000 6.000000
9022.000000 9381.000000 10.000000
7915.000000 9170.000000 8.000000
8079.000000 7945.000000 3.000000
1286.000000 654.000000 10.000000
244.000000 4107.000000 7.000000
9147.000000 2467.000000 3.000000
8937.000000 278.000000 5.000000
1701.000000 9021.000000 5.000000
2650.000000 3070.000000 3.000000
6733.000000 2195.000000 1.000000
8883.000000 6273.000000 0.000000
9947.000000 1637.000000 1.000000
629.000000 8423.000000 3.000000
4758.000000 6019.000000 10.000000
1113.000000 7384.000000 10.000000
962.000000 6307.000000 9.000000
1016.000000 907.000000 0.000000
1144.000000 3264.000000 6.000000
1514.000000 2252.000000 6.000000
6967.000000 2999.000000 6.000000
749.000000 8148.000000 1.000000
2262.000000 8671.000000 2.000000
4139.000000 849.000000 7.000000
2422.000000 3741.000000 10.000000
4371.000000 5386.000000 10.000000
654.000000 1047.000000 6.000000
4526.000000 260.000000 9.000000
7910.000000 3582.000000 0.000000
6606.000000 4257.000000 1.000000
4295.000000 997.000000 1.000000
9759.000000 3464.000000 6.000000
7418.000000 6108.000000 0.000000
8974.000000 1638.000000 9.000000
8308.000000 7370.000000 10.000000
2261.000000 1066.000000 1.000000
5894.000000 744.000000 6.000000
2034.000000 2115.000000 8.000000
5858.000000 9875.000000 2.000000
5761.000000 617.000000 7.000000
6983.000000 9894.000000 4.000000
8391.000000 780.000000 7.000000
5726.000000 5379.000000 4.000000
8638.000000 5009.000000 8.000000
1912.000000 9286.000000 0.000000
3941.000000 2718.000000 7.000000
3322.000000 3637.000000 3.000000
6444.000000 8894.000000 7.000000
4667.000000 1850.000000 1.000000
7027.000000 4978.000000 4.000000
1056.000000 1177.000000 9.000000
9955.000000 3617.000000 9.000000
8051.000000 4429.000000 7.000000
6404.000000 2185.000000 8.000000
3772.000000 9721.000000 7.000000
581.000000 5520.000000 9.000000
6251.000000 542.000000 8.000000
2556.000000 7634.000000 0.000000
3597.000000 3136.000000 1.000000
147.000000 4513.000000 9.000000
3213.000000 2068.000000 0.000000
1964.000000 2586.000000 5.000000
4933.000000 8808.000000 9.000000
9351.000000 4650.000000 7.000000
4829.000000 7937.000000 1.000000
3026.000000 2561.000000 8.000000
2713.000000 5235.000000 8.000000
5075.000000 825.000000 6.000000
819.000000 9034.000000 7.000000
9101.000000 5135.000000 1.000000
1889.000000 1446.000000 4.000000
2378.000000 8290.000000 5.000000
357.000000 8807.000000 2.000000
9665.000000 4623.000000 4.000000
5132.000000 8438.000000 1.000000
9662.000000 7458.000000 0.000000
9812.000000 8873.000000 8.000000
8549.000000 1498.000000 6.000000
1525.000000 473.000000 9.000000
1130.000000 3327.000000 6.000000
6438.000000 8662.000000 1.000000
4215.000000 6323.000000 1.000000
6713.000000 7863.000000 5.000000
4043.000000 3802.000000 2.000000
4732.000000 8107.000000 10.000000
3093.000000 3905.000000 10.000000
9209.000000 6418.000000 9.000000
3849.000000 5488.000000 4.000000
1892.000000 2422.000000 10.000000
9537.000000 2035.000000 8.000000
8389.000000 7606.000000 8.000000
5820.000000 5090.000000 1.000000
4950.000000 3014.000000 10.000000
5167.000000 9188.000000 8.000000
9300.000000 2431.000000 8.000000
341.000000 9187.000000 8.000000
8258.000000 7161.000000 3.000000
6087.000000 6422.000000 7.000000
8570.000000 4057.000000 4.000000
1075.000000 2088.000000 9.000000
3868.000000 6992.000000 2.000000
5414.000000 9844.000000 5.000000
8748.000000 1790.000000 5.000000
8617.000000 9112.000000 5.000000
9564.000000 5375.000000 10.000000
9961.000000 5926.000000 4.000000
7570.000000 4226.000000 7.000000
5532.000000 9842.000000 5.000000
8392.000000 1442.000000 5.000000
6602.000000 9826.000000 2.000000
3312.000000 8091.000000 8.000000
9281.000000 4583.000000 8.000000
5719.000000 9081.000000 2.000000
2580.000000 142.000000 6.000000
1532.000000 4426.000000 6.000000
7430.000000 2515.000000 8.000000
444.000000 3551.000000 7.000000
9366.000000 2759.000000 10.000000
3060.000000 840.000000 3.000000
4667.000000 2464.000000 1.000000
8331.000000 733.000000 7.000000
4643.000000 8727.000000 8.000000
146.000000 8766.000000 7.000000
4443.000000 5355.000000 2.000000
4168.000000 1574.000000 2.000000
5588.000000 5900.000000 1.000000
4284.000000 9744.000000 4.000000
8120.000000 3810.000000 10.000000
6477.000000 1227.000000 8.000000
6063.000000 843.000000 8.000000
9958.000000 8882.000000 4.000000
3664.000000 5359.000000 4.000000
5958.000000 9351.000000 9.000000
3676.000000 8555.000000 2.000000
7491.000000 7069.000000 3.000000
2859.000000 2128.000000 3.000000
8954.000000 3145.000000 1.000000
4335.000000 7598.000000 1.000000
2580.000000 1937.000000 6.000000
5786.000000 1629.000000 7.000000
8421.000000 3808.000000 9.000000
5215.000000 304.000000 1.000000
4120.000000 5946.000000 5.000000
2735.000000 4782.000000 8.000000
2987.000000 1677.000000 9.000000
1777.000000 160.000000 0.000000
2645.000000 6882.000000 2.000000
3693.000000 1073.000000 5.000000
7271.000000 8293.000000 2.000000
381.000000 593.000000 2.000000
8483.000000 1456.000000 9.000000
3007.000000 237.000000 8.000000
612.000000 4086.000000 4.000000
3512.000000 7741.000000 0.000000
5689.000000 2437.000000 8.000000
7146.000000 2461.000000 9.000000
3719.000000 9981.000000 2.000000
3684.000000 9021.000000 3.000000
2611.000000 4591.000000 9.000000
8905.000000 2063.000000 8.000000
1421.000000 8128.000000 5.000000
9865.000000 6426.000000 8.000000
4148.000000 4174.000000 8.000000
7618.000000 8882.000000 8.000000
3790.000000 8535.000000 6.000000
7376.000000 8528.000000 10.000000
9061.000000 561.000000 5.000000
3950.000000 7784.000000 3.000000
2887.000000 2897.000000 9.000000
4324.000000 1029.000000 0.000000
5804.000000 1917.000000 8.000000
7994.000000 6571.000000 10.000000
748.000000 5440.000000 1.000000
