18137.850000 49810.040000 1146.930000
18034.580002 49178.809998 1149.430000
18382.899994 49456.760010 1152.460000
18280.320007 49895.669998 1156.080000
19270.160034 50985.599976 1161.350000
18902.229980 50485.429993 1159.650000
19363.109985 51640.930054 1159.680000
18502.989990 50768.330017 1158.580000
18338.160004 49985.179993 1157.710000
19844.910034 51706.310059 1162.310000
18781.210022 50882.349976 1160.280000
18292.949997 51352.430054 1159.570000
18220.870003 50624.770020 1156.870000
18636.320007 51035.829956 1162.010000
18035.489998 50701.750000 1154.360000
18194.099998 52961.600098 1153.640000
19520.040039 51017.109985 1157.860000
17291.210022 50485.159973 1163.389999
17073.390015 48941.450012 1165.600000
18289.839996 52279.620117 1154.380000
17742.940002 50679.549988 1151.360000
19083.469971 53788.300049 1160.600000
17552.830017 51893.330078 1159.520000
18704.900024 51845.599976 1160.590000
18625.609985 52848.709961 1160.130000
20851.239990 44645.759766 1149.380000
20599.879883 53364.409912 1171.860001
18351.309998 54810.790039 1163.940001
17944.460007 51804.339966 1152.950000
18190.900002 50013.710007 1153.030000
21894.159912 45285.259766 1154.780000
19764.170044 51038.630005 1155.120000
22044.750000 45242.660156 1155.530000
19953.859985 50067.720001 1157.730000
18263.709999 50247.119995 1159.380000
17952.800003 52536.729980 1152.480000
18605.000000 56177.189941 1164.070000
18982.260010 50875.099976 1161.440000
22220.370117 43965.279785 1147.030000
17661.170013 52194.300049 1155.430000
20598.770020 44342.029785 1155.920000
22717.970215 45633.430176 1164.400000
19098.640015 51913.620117 1160.920000
17363.059998 53865.310059 1164.070000
19794.290039 49720.300003 1157.130000
18085.060001 54700.850098 1159.650000
18293.479996 49611.520004 1150.370000
22679.069824 43560.759766 1150.660000
13867.319824 48642.989990 1164.049999
19444.229980 51936.229980 1156.760000
21712.820068 45361.200195 1156.450000
21349.149902 44456.120117 1155.080000
21443.709961 45274.580078 1156.210000
19283.020020 50741.590027 1155.320000
21175.739990 45187.850098 1153.480000
18764.320007 49101.590027 1156.590000
20899.340088 45149.810059 1151.320000
17973.350006 50484.289978 1153.780000
18558.540009 51438.089966 1158.180000
18329.490005 51113.219971 1159.900000
22448.689941 44377.020020 1161.150000
18556.109985 49050.500000 1151.130000
16434.050049 52856.649902 1168.400000
18542.459991 48549.010010 1147.450000
19361.910034 50047.949997 1157.510000
18871.479980 48782.920044 1154.480000
18623.000000 50091.570007 1157.770000
22917.839844 44901.759766 1161.820000
18419.220001 48269.420044 1149.630000
21422.510010 43710.299805 1150.960000
18789.409973 48604.449951 1153.060000
19476.589966 49142.809998 1157.560000
19607.160034 50459.840027 1161.540000
21624.510010 46014.520020 1149.990000
22334.500000 45947.310059 1160.200000
22331.370117 43146.069824 1156.740000
21553.149902 43484.910156 1153.450000
20658.389893 45081.490234 1151.330000
17784.829987 54697.529785 1158.810000
19077.400024 52361.850098 1157.850000
21750.979980 43200.979980 1157.010000
22460.140137 42596.490234 1158.950000
18530.480011 57286.629883 1169.930000
17499.359985 53208.500000 1158.070000
18885.780029 52514.370117 1157.130000
23585.569824 44711.660156 1163.190001
22160.959961 44726.629883 1156.070000
17988.490005 54423.149902 1157.300000
21451.879883 46380.459961 1147.690000
27047.980469 49084.690002 1179.250000
18496.609985 49700.919998 1155.270000
20396.899902 45062.649902 1146.850000
18698.719971 51259.410034 1159.040000
18619.390015 52593.389893 1156.480000
17932.149994 47577.320068 1160.900000
18470.679993 47843.459961 1155.530000
18670.669983 49849.480000 1155.040000
20616.969971 43755.100098 1161.480000
21670.739990 44818.089844 1148.740000
22458.990234 45017.979980 1158.750000
20151.469971 45313.879883 1152.800000
17811.730011 52245.449951 1151.950000
17859.100006 49385.339996 1157.230000
21022.260010 46323.979980 1150.890000
18332.309998 46036.479980 1153.790000
17653.709991 54401.169922 1157.630000
20165.239990 44994.060059 1145.760000
18523.209991 50300.200012 1158.270000
17866.579987 49958.309998 1148.870000
21552.520020 42935.330078 1160.940000
19362.900024 53645.820068 1160.110000
20530.290039 46391.709961 1147.350000
17465.099976 52480.139893 1159.190000
19696.079956 44556.959961 1163.450001
19606.750000 48759.199951 1161.060000
28767.389648 42214.350098 1167.270000
17979.809998 53630.030029 1160.590000
20559.590088 43151.310059 1160.850000
19407.140015 49586.660004 1159.420000
19318.199951 47996.989990 1149.570000
18141.520000 49492.510010 1147.440000
21752.949951 44304.540039 1150.120000
20142.280029 46647.850098 1144.110000
21255.040039 46836.110107 1153.730000
19533.630005 47371.469971 1146.610000
19523.569946 48076.640015 1151.060000
22057.139893 44188.649902 1149.650000
19749.439941 46632.550049 1145.870000
20149.010010 46975.530029 1147.430000
18955.130005 52916.729980 1161.110000
18873.929993 47892.150024 1147.980000
18143.170000 51390.619995 1156.850000
20218.500000 46240.229980 1151.960000
19924.650024 45703.450195 1152.910000
13538.009766 53082.169922 1174.510000
23825.549805 48254.130005 1164.330000
19375.989990 46641.560059 1149.520000
19726.339966 49405.470001 1156.730000
20378.780029 49542.899994 1159.930000
19506.989990 49362.700012 1157.840000
17951.729996 50074.489990 1146.660000
22358.859863 45357.879883 1156.920000
18882.619995 46431.909912 1148.680000
17929.190002 49566.559998 1149.440000
19772.030029 48180.060059 1156.300000
19128.349976 47865.510010 1150.460000
19395.479980 46149.129883 1150.040000
22411.439941 47239.540039 1166.170000
23741.890137 41774.520020 1166.350000
20529.479980 47507.550049 1157.750000
20849.860107 47087.989990 1149.170000
17533.559998 52994.909912 1153.390000
21132.310059 49565.910004 1170.049999
18308.289993 48041.119995 1156.200000
22054.290039 41232.200195 1177.639999
25062.390137 42033.180176 1165.730000
20526.020020 46708.439941 1145.070000
20436.330078 48114.880005 1161.390000
18962.679993 54064.709961 1163.010000
19374.469971 46843.219971 1152.830000
17717.600006 52528.030029 1155.870000
24791.720215 54449.279785 1183.400002
18559.630005 53124.500000 1159.030000
21230.239990 47291.469971 1152.110000
21849.939941 46508.639893 1155.620000
21510.820068 46572.860107 1150.770000
17268.450012 51939.729980 1164.430000
20945.500000 44106.569824 1154.850000
22339.649902 51955.820068 1174.480000
19469.709961 48956.669983 1159.410000
21071.010010 45871.010010 1155.200000
20773.489990 44887.770020 1150.770000
19777.170044 49074.409973 1158.950000
19930.900024 44950.620117 1154.360000
21298.899902 44932.439941 1148.750000
19143.669983 49547.350006 1162.820000
19215.680054 46934.570068 1152.080000
19040.539978 51647.890015 1164.360001
22935.720215 43959.169922 1160.580000
26005.839844 40269.230469 1176.629999
20545.919922 47072.649902 1148.420000
18676.580017 48327.949951 1149.900000
19011.599976 45773.830078 1155.960000
19207.680054 49189.820007 1158.720000
18348.990005 48553.239990 1147.290000
18435.670013 49174.270020 1150.270000
18711.780029 47264.209961 1158.630000
20729.090088 45909.679932 1156.350000
19351.430054 48933.960022 1157.470000
18136.220000 54989.490234 1164.410000
19642.219971 47896.640015 1152.750000
19057.479980 48597.150024 1150.590000
20639.260010 47209.050049 1148.310000
19261.160034 46463.879883 1150.150000
18418.540009 51703.170044 1155.800000
19564.689941 46580.750000 1148.060000
18240.820000 48580.060059 1151.240000
20088.349976 45372.419922 1149.270000
19202.069946 52689.080078 1153.270000
18272.250000 52678.120117 1151.710000
21496.629883 46192.669922 1152.290000
18131.450000 51696.569946 1156.880000
19973.209961 49481.630005 1158.180000
18464.470001 46773.830078 1157.180000
21289.449951 51910.770020 1165.010000
18806.349976 52365.770020 1157.750000
18779.830017 46090.620117 1145.880000
19397.520020 48274.670044 1153.810000
17838.619995 54154.229980 1163.730000
18567.640015 52464.820068 1158.690000
19328.489990 49383.260010 1157.200000
21223.969971 46278.699951 1150.960000
19066.239990 48757.479980 1157.860000
18958.530029 48377.709961 1147.460000
18793.619995 53632.610107 1160.210000
21735.169922 43769.520020 1152.150000
20139.030029 48099.239990 1159.520000
21935.489990 43483.189941 1158.130000
19331.890015 47791.199951 1148.140000
21296.459961 45546.709961 1152.390000
19850.449951 46400.739990 1150.290000
18842.210022 53185.239990 1155.280000
19726.900024 49575.619995 1158.440000
18623.660004 50460.890015 1157.470000
19544.550049 47777.189941 1150.140000
19596.189941 45662.939941 1149.240000
17579.059998 50960.310059 1157.920000
21083.770020 47010.969971 1148.890000
18523.019989 46347.879883 1147.590000
19192.800049 47021.959961 1152.340000
18780.729980 48164.079956 1148.510000
17973.860001 51192.770020 1153.070000
21602.699951 45062.569824 1146.190000
20058.270020 47482.040039 1151.910000
19872.030029 46205.500000 1149.350000
19913.339966 49090.119995 1163.209999
17448.280029 53588.360107 1163.110001
18008.860001 50290.059998 1146.810000
20804.469971 47320.199951 1147.910000
22023.610107 44465.509766 1150.120000
19546.050049 46837.989990 1147.200000
18844.150024 50150.839996 1157.560000
19030.880005 46745.739990 1156.760000
17532.580017 50528.929993 1159.770000
19465.020020 46326.330078 1148.480000
18760.250000 53884.830078 1160.210000
17732.320007 54963.229980 1159.430000
20270.770020 45614.529785 1151.860000
18276.830002 54354.319824 1157.820000
19337.689941 50467.320007 1156.960000
17730.459991 53427.860107 1152.880000
18229.790001 50374.270020 1156.160000
19893.060059 49628.679993 1155.510000
18304.679993 48787.109985 1145.050000
19831.750000 47875.209961 1152.260000
25327.169922 44057.060059 1165.959999
19869.849976 46894.350098 1140.950000
19033.109985 53111.280029 1158.810000
20296.449951 47109.030029 1146.330000
18097.250000 54183.450195 1149.590000
17816.390015 53148.530029 1159.080000
19475.979980 47059.320068 1149.160000
21176.310059 43623.459961 1157.760000
17947.080002 52361.409912 1154.220000
18969.460022 53424.270020 1155.480000
19220.800049 53025.169922 1159.260000
17444.679993 54260.580078 1159.890000
19519.800049 51419.530029 1158.180000
18675.739990 49575.800003 1151.860000
19658.550049 46317.320068 1148.440000
21791.270020 44568.390137 1148.160000
19126.549988 50497.799988 1155.120000
18263.940002 49314.399994 1146.910000
17787.910004 49643.910004 1159.680000
13976.180176 50764.969971 1175.190001
19123.330017 48359.130005 1150.480000
19264.400024 53398.600098 1161.360000
18300.990005 52544.800049 1159.620000
20194.270020 45937.820068 1155.310000
18894.479980 51634.910034 1157.180000
19364.449951 51339.910034 1159.300000
21271.439941 43889.220215 1153.650000
17762.750000 51228.650024 1154.810000
19977.569946 48009.109985 1150.350000
20947.989990 46746.080078 1153.730000
20013.130005 46405.229980 1148.110000
18597.809998 48765.800049 1145.870000
20865.520020 45465.450195 1156.960000
19654.449951 46967.870117 1141.680000
19126.950012 49299.459991 1160.330000
21303.229980 46070.959961 1154.430000
19988.890015 51171.170044 1159.830000
19283.099976 52180.760010 1166.379999
20952.439941 46657.790039 1146.610000
17977.410004 51940.100098 1156.630000
17755.059998 50192.660004 1145.550000
18603.019989 53650.479980 1162.830000
20933.239990 47409.320068 1151.860000
20132.689941 49577.960007 1156.470000
19804.750000 51448.699951 1159.330000
18296.190002 50846.910034 1155.250000
19550.229980 48482.910034 1161.600000
19177.510010 48920.020020 1157.470000
19335.319946 48465.339966 1152.130000
17842.220001 51482.439941 1146.750000
20104.900024 46924.580078 1148.860000
19191.219971 51372.979980 1156.180000
19115.450012 49074.309998 1157.850000
19518.239990 47603.030029 1147.490000
17599.059998 54107.919922 1156.750000
19886.140015 47698.159912 1150.360000
18689.429993 48826.969971 1150.930000
21586.020020 44062.729980 1149.020000
18134.130000 48676.260010 1150.650000
20290.000000 46065.929932 1153.210000
19564.790039 47109.350098 1142.760000
19267.760010 48604.380005 1157.040000
22003.310059 43790.220215 1145.480000
17633.329987 53706.639893 1160.110000
28094.009766 40517.150391 1168.969999
19406.750000 45821.060059 1154.720000
21731.989990 45642.259766 1150.460000
20363.300049 44837.839844 1146.630000
18974.960022 48134.459961 1149.070000
20199.729980 47281.639893 1146.700000
18654.940002 53427.629883 1159.400000
20358.610107 47368.699951 1155.680000
18990.429993 49949.389999 1158.370000
19527.810059 53325.979980 1162.340000
21260.620117 44705.470215 1150.800000
18160.059999 46423.790039 1140.640000
18977.940002 47678.010010 1144.620000
19076.140015 51329.989990 1160.340000
20472.649902 45804.530029 1149.240000
20158.650024 51030.119995 1160.690000
19295.829956 47514.750000 1146.250000
18139.110000 52297.729980 1151.930000
19602.280029 49868.130001 1158.430000
18067.570000 51012.400024 1155.900000
18794.020020 46649.250000 1145.380000
18665.289978 52101.459961 1156.930000
18804.150024 49523.279999 1150.000000
20061.910034 49772.450001 1157.660000
17760.549988 52854.169922 1161.780000
18848.940002 46920.419922 1162.640000
18718.239990 49322.980011 1155.100000
19430.000000 56271.439941 1167.940001
18986.000000 52115.149902 1159.650000
19004.820007 50366.219971 1160.220000
25553.669922 43272.189941 1155.590000
18931.280029 49705.089996 1155.860000
19449.959961 52903.909912 1158.410000
18029.260002 52972.340088 1154.250000
20853.620117 46445.520020 1145.540000
21013.449951 46117.280029 1154.400000
18040.070000 55321.009766 1160.610000
18809.960022 45538.129883 1154.970000
18175.480000 52357.719971 1156.190000
17524.250000 51461.699951 1163.230000
18806.260010 46788.129883 1157.470000
19718.410034 50163.579987 1156.500000
17876.790009 53928.100098 1160.420000
19889.540039 49897.279999 1154.480000
19013.940002 47502.320068 1145.130000
18992.409973 49781.330000 1155.010000
22387.359863 49413.170013 1168.610001
22087.780029 43023.839844 1158.000000
19672.569946 51652.699951 1159.190000
21083.820068 47546.360107 1156.980000
18381.500000 52068.550049 1150.980000
19596.280029 45919.580078 1152.740000
19271.239990 49782.950001 1155.000000
20458.790039 44557.750000 1148.500000
18089.730000 55856.270020 1167.559999
20804.750000 46313.729980 1151.170000
19052.880005 46177.550049 1145.480000
18106.000000 52034.870117 1149.540000
20545.969971 45332.049805 1156.210000
20036.439941 51551.339966 1161.880000
13969.899902 50191.880005 1189.369999
20465.770020 46068.310059 1155.680000
14245.909912 51278.780029 1182.110001
19056.780029 46475.310059 1148.020000
22054.290039 46303.320068 1155.700000
19168.130005 50188.989990 1155.320000
18308.550003 54008.160156 1162.340000
19904.910034 47253.750000 1133.810000
17693.690002 55287.879883 1161.520000
21921.870117 44079.299805 1153.020000
20827.979980 44425.750000 1150.140000
23265.350098 41253.650391 1163.360001
22253.819824 43669.439941 1149.060000
19361.390015 48703.209961 1154.640000
18876.830017 49380.829987 1157.590000
20437.229980 47622.320068 1158.890000
19248.619995 47322.439941 1137.400000
18254.610001 49025.039978 1144.130000
20421.870117 46571.709961 1144.260000
22128.399902 46612.979980 1154.070000
21245.600098 46464.939941 1152.820000
18668.409973 47580.429932 1148.820000
17379.700012 51322.810059 1166.610001
21129.489990 44402.970215 1144.660000
19079.429993 47323.110107 1150.310000
19872.150024 45968.169922 1153.560000
20120.930054 44741.140137 1144.400000
22549.439941 43762.729980 1151.590000
18303.910004 53473.820068 1158.300000
21728.489990 47231.790039 1167.260000
22100.010010 45464.290039 1153.010000
20682.520020 46094.929932 1152.790000
22408.410156 43522.660156 1151.910000
20244.909912 47620.439941 1152.930000
18077.169998 55586.859863 1165.549999
999.000000 999.000000 999.000000
