26089.3431 20333.2927 1146.9300
25986.0731 19702.0627 1149.4300
26334.3931 19980.0127 1152.4600
26231.8131 20418.9227 1156.0800
27221.6532 21508.8527 1161.3500
26853.7231 21008.6827 1159.6500
27314.6031 22164.1828 1159.6800
26454.4831 21291.5827 1158.5800
26289.6531 20508.4327 1157.7100
27796.4032 22229.5628 1162.3100
26732.7032 21405.6027 1160.2800
26244.4431 21875.6828 1159.5700
26172.3631 21148.0227 1156.8700
26587.8131 21559.0827 1162.0100
25986.9831 21225.0027 1154.3600
26145.5931 23484.8528 1153.6400
27471.5332 21540.3627 1157.8600
25242.7032 21008.4127 1163.3900
25024.8832 19464.7027 1165.6000
26241.3331 22802.8728 1154.3800
25694.4331 21202.8027 1151.3600
27034.9631 24311.5528 1160.6000
25504.3232 22416.5828 1159.5200
26656.3932 22368.8527 1160.5900
26577.1031 23371.9627 1160.1300
28802.7331 15169.0125 1149.3800
28551.3730 23887.6626 1171.8600
26302.8031 25334.0428 1163.9400
25895.9531 22327.5927 1152.9500
26142.3931 20536.9627 1153.0300
29845.6530 15808.5125 1154.7800
27715.6632 21561.8827 1155.1200
29996.2431 15765.9129 1155.5300
27905.3531 20590.9727 1157.7300
26215.2031 20770.3727 1159.3800
25904.2931 23059.9827 1152.4800
26556.4931 26700.4427 1164.0700
26933.7531 21398.3527 1161.4400
30171.8633 14488.5325 1147.0300
25612.6631 22717.5528 1155.4300
28550.2632 14865.2825 1155.9200
30669.4634 16156.6829 1164.4000
27050.1332 22436.8728 1160.9200
25314.5531 24388.5628 1164.0700
27745.7832 20243.5527 1157.1300
26036.5531 25224.1028 1159.6500
26244.9731 20134.7727 1150.3700
30630.5630 14084.0125 1150.6600
21818.8130 19166.2427 1164.0500
27395.7231 22459.4827 1156.7600
29664.3132 15884.4529 1156.4500
29300.6430 14979.3728 1155.0800
29395.2031 15797.8328 1156.2100
27234.5132 21264.8427 1155.3200
29127.2331 15711.1028 1153.4800
26715.8131 19624.8427 1156.5900
28850.8332 15673.0628 1151.3200
25924.8431 21007.5427 1153.7800
26510.0331 21961.3427 1158.1800
26280.9831 21636.4727 1159.9000
30400.1831 14900.2727 1161.1500
26507.6031 19573.7527 1151.1300
24385.5432 23379.9026 1168.4000
26493.9531 19072.2627 1147.4500
27313.4032 20571.2027 1157.5100
26822.9731 19306.1728 1154.4800
26574.4931 20614.8227 1157.7700
30869.3330 15425.0125 1161.8200
26370.7131 18792.6728 1149.6300
29374.0031 14233.5525 1150.9600
26740.9031 19127.7027 1153.0600
27428.0831 19666.0627 1157.5600
27558.6532 20983.0927 1161.5400
29576.0031 16537.7727 1149.9900
30285.9931 16470.5628 1160.2000
30282.8633 13669.3225 1156.7400
29504.6430 14008.1629 1153.4500
28288.6106 13677.1083 1151.3300
25736.3231 25220.7825 1158.8100
27028.8932 22885.1028 1157.8500
29702.4731 13724.2327 1157.0100
30411.6333 13119.7430 1158.9500
26481.9731 27809.8826 1169.9300
25450.8531 23731.7527 1158.0700
26837.2732 23037.6228 1157.1300
31537.0630 15234.9129 1163.1900
30112.4531 15249.8826 1156.0700
25939.9831 24946.4026 1157.3000
29403.3730 16903.7127 1147.6900
34999.4736 19607.9427 1179.2500
26448.1031 20224.1727 1155.2700
28348.3930 15585.9026 1146.8500
26650.2131 21782.6628 1159.0400
26570.8832 23116.6426 1156.4800
25883.6431 18100.5728 1160.9000
26422.1731 18366.7127 1155.5300
26622.1631 20372.7327 1155.0400
28568.4631 14278.3528 1161.4800
29622.2331 15341.3426 1148.7400
30410.4834 15541.2327 1158.7500
28102.9631 15837.1326 1152.8000
25763.2231 22768.7027 1151.9500
25810.5931 19908.5927 1157.2300
28973.7531 16847.2327 1150.8900
26283.8031 16559.7327 1153.7900
25605.2031 24924.4226 1157.6300
28116.7331 15517.3128 1145.7600
26474.7031 20823.4527 1158.2700
25818.0731 20481.5627 1148.8700
29504.0132 13458.5828 1160.9400
27314.3932 24169.0728 1160.1100
28481.7832 16914.9627 1147.3500
25416.5931 23003.3926 1159.1900
27647.5731 15080.2127 1163.4500
27558.2431 19282.4527 1161.0600
36718.8828 12737.6028 1167.2700
25931.3031 24153.2827 1160.5900
28511.0832 13674.5628 1160.8500
27358.6332 20109.9127 1159.4200
27269.6931 18520.2427 1149.5700
26093.0131 20015.7627 1147.4400
29704.4431 14827.7928 1150.1200
28093.7732 17171.1028 1144.1100
29206.5332 17359.3628 1153.7300
27485.1231 17894.7227 1146.6100
27475.0631 18599.8927 1151.0600
30008.6330 14711.9026 1149.6500
27700.9331 17155.8028 1145.8700
28100.5031 17498.7827 1147.4300
26906.6231 23439.9827 1161.1100
26825.4231 18415.4027 1147.9800
26094.6631 21913.8727 1156.8500
28169.9931 16763.4827 1151.9600
27876.1432 16226.7029 1152.9100
21489.5029 23605.4226 1174.5100
31777.0429 18777.3827 1164.3300
27327.4831 17164.8128 1149.5200
27677.8331 19928.7227 1156.7300
28330.2732 20066.1527 1159.9300
27458.4831 19885.9527 1157.8400
25903.2231 20597.7427 1146.6600
30310.3530 15881.1326 1156.9200
26834.1131 16955.1626 1148.6800
25880.6831 20089.8127 1149.4400
27723.5232 18703.3128 1156.3000
27079.8431 18388.7627 1150.4600
27346.9731 16672.3826 1150.0400
30362.9331 17762.7928 1166.1700
31693.3833 12297.7727 1166.3500
28480.9731 18030.8028 1157.7500
28801.3532 17611.2427 1149.1700
25485.0531 23518.1626 1153.3900
29083.8032 20089.1627 1170.0500
26259.7831 18564.3727 1156.2000
30005.7832 11755.4529 1177.6400
33013.8833 12556.4329 1165.7300
28477.5132 17231.6927 1145.0700
28387.8232 18638.1327 1161.3900
26914.1731 24587.9627 1163.0100
27325.9631 17366.4727 1152.8300
25669.0931 23051.2827 1155.8700
32743.2134 24972.5325 1183.4000
26511.1231 23647.7527 1159.0300
29181.7331 17814.7227 1152.1100
29801.4331 17031.8926 1155.6200
29462.3132 17096.1128 1150.7700
25219.9431 22462.9827 1164.4300
28896.9931 14629.8225 1154.8500
30291.1430 22479.0728 1174.4800
27421.2031 19479.9227 1159.4100
29022.5031 16394.2627 1155.2000
28724.9831 15411.0227 1150.7700
27728.6632 19597.6627 1158.9500
27882.3932 15473.8728 1154.3600
29250.3930 15455.6927 1148.7500
27095.1631 20070.6027 1162.8200
27167.1732 17457.8228 1152.0800
26992.0331 22171.1427 1164.3600
30887.2134 14482.4226 1160.5800
33957.3330 10792.4832 1176.6300
28497.4131 17595.9026 1148.4200
26628.0732 18851.2027 1149.9000
26963.0931 16297.0828 1155.9600
27159.1732 19713.0727 1158.7200
26300.4831 19076.4927 1147.2900
26387.1631 19697.5227 1150.2700
26663.2732 17787.4627 1158.6300
28680.5832 16432.9327 1156.3500
27302.9232 19457.2127 1157.4700
26087.7131 25512.7430 1164.4100
27593.7131 18419.8927 1152.7500
27008.9731 19120.4027 1150.5900
28590.7531 17732.3028 1148.3100
27212.6532 16987.1326 1150.1500
26370.0331 22226.4228 1155.8000
27516.1831 17104.0027 1148.0600
26192.3131 19103.3128 1151.2400
28039.8431 15895.6726 1149.2700
27153.5631 23212.3328 1153.2700
26223.7431 23201.3728 1151.7100
29448.1230 16715.9226 1152.2900
26082.9431 22219.8227 1156.8800
27924.7031 20004.8827 1158.1800
26415.9631 17297.0828 1157.1800
29240.9431 22434.0227 1165.0100
26757.8431 22889.0227 1157.7500
26731.3232 16613.8728 1145.8800
27349.0132 18797.9228 1153.8100
25790.1131 24677.4827 1163.7300
26519.1332 22988.0728 1158.6900
27279.9831 19906.5127 1157.2000
29175.4631 16801.9527 1150.9600
27017.7331 19280.7327 1157.8600
26910.0232 18900.9627 1147.4600
26745.1131 24155.8628 1160.2100
29686.6631 14292.7727 1152.1500
28090.5232 18622.4927 1159.5200
29886.9831 14006.4427 1158.1300
27283.3832 18314.4527 1148.1400
29247.9531 16069.9627 1152.3900
27801.9431 16923.9927 1150.2900
26793.7032 23708.4927 1155.2800
27678.3932 20098.8727 1158.4400
26575.1531 20984.1427 1157.4700
27496.0432 18300.4427 1150.1400
27547.6831 16186.1927 1149.2400
25530.5531 21483.5628 1157.9200
29035.2632 17534.2227 1148.8900
26474.5131 16871.1326 1147.5900
27144.2932 17545.2127 1152.3400
26732.2231 18687.3327 1148.5100
25925.3531 21716.0227 1153.0700
29554.1931 15585.8225 1146.1900
28009.7632 18005.2928 1151.9100
27823.5232 16728.7527 1149.3500
27864.8331 19613.3727 1163.2100
25399.7732 24111.6128 1163.1100
25960.3531 20813.3127 1146.8100
28755.9631 17843.4527 1147.9100
29975.1032 14988.7625 1150.1200
27497.5432 17361.2427 1147.2000
26795.6432 20674.0927 1157.5600
26982.3731 17268.9927 1156.7600
25484.0732 21052.1827 1159.7700
27416.5132 16849.5828 1148.4800
26711.7431 24408.0828 1160.2100
25683.8131 25486.4827 1159.4300
28222.2632 16137.7825 1151.8600
26228.3231 24877.5725 1157.8200
27289.1831 20990.5727 1156.9600
25681.9531 23951.1128 1152.8800
26181.2831 20897.5227 1156.1600
27844.5532 20151.9327 1155.5100
26256.1731 19310.3627 1145.0500
27783.2431 18398.4627 1152.2600
33278.6631 14580.3128 1165.9600
27821.3431 17417.6028 1140.9500
26984.6031 23634.5327 1158.8100
28247.9431 17632.2827 1146.3300
26048.7431 24706.7029 1149.5900
25767.8832 23671.7827 1159.0800
27427.4731 17582.5728 1149.1600
29127.8032 14146.7127 1157.7600
25898.5731 22884.6626 1154.2200
26920.9532 23947.5227 1155.4800
27172.2932 23548.4226 1159.2600
25396.1731 24783.8328 1159.8900
27471.2932 21942.7827 1158.1800
26627.2331 20099.0527 1151.8600
27610.0432 16840.5728 1148.4400
29742.7632 15091.6429 1148.1600
27078.0431 21021.0527 1155.1200
26215.4331 19837.6527 1146.9100
25739.4031 20167.1627 1159.6800
21927.6733 21288.2227 1175.1900
27074.8232 18882.3827 1150.4800
27215.8932 23921.8528 1161.3600
26252.4831 23068.0528 1159.6200
28145.7632 16461.0728 1155.3100
26845.9731 22158.1628 1157.1800
27315.9431 21863.1628 1159.3000
29222.9331 14412.4729 1153.6500
25714.2431 21751.9027 1154.8100
27929.0631 18532.3627 1150.3500
28899.4831 17269.3328 1153.7300
27964.6231 16928.4827 1148.1100
26549.3031 19289.0528 1145.8700
28817.0132 15988.7029 1156.9600
27605.9431 17491.1228 1141.6800
27078.4431 19822.7127 1160.3300
29254.7231 16594.2127 1154.4300
27940.3832 21694.4228 1159.8300
27234.5931 22704.0127 1166.3800
28903.9331 17181.0428 1146.6100
25928.9031 22463.3528 1156.6300
25706.5531 20715.9127 1145.5500
26554.5131 24173.7327 1162.8300
28884.7331 17932.5728 1151.8600
28084.1831 20101.2127 1156.4700
27756.2431 21971.9527 1159.3300
26247.6831 21370.1628 1155.2500
27501.7231 19006.1628 1161.6000
27129.0031 19443.2727 1157.4700
27286.8131 18988.5927 1152.1300
25793.7131 22005.6927 1146.7500
28056.3932 17447.8328 1148.8600
27142.7131 21896.2327 1156.1800
27066.9431 19597.5627 1157.8500
27469.7331 18126.2827 1147.4900
25550.5531 24631.1726 1156.7500
27837.6332 18221.4126 1150.3600
26640.9231 19350.2227 1150.9300
29537.5132 14585.9827 1149.0200
26085.6231 19199.5127 1150.6500
28241.4931 16589.1827 1153.2100
27516.2832 17632.6028 1142.7600
27219.2531 19127.6327 1157.0400
29954.8032 14313.4729 1145.4800
25584.8231 24229.8926 1160.1100
36045.5029 11040.4031 1168.9700
27358.2431 16344.3128 1154.7200
29683.4831 16165.5125 1150.4600
28314.7932 15361.0926 1146.6300
26926.4532 18657.7127 1149.0700
28151.2231 17804.8926 1146.7000
26606.4331 23950.8826 1159.4000
28310.1032 17891.9527 1155.6800
26941.9231 20472.6427 1158.3700
27479.3032 23849.2327 1162.3400
29212.1133 15228.7229 1150.8000
26111.5531 16947.0428 1140.6400
26929.4331 18201.2627 1144.6200
27027.6332 21853.2427 1160.3400
28424.1430 16327.7827 1149.2400
28110.1432 21553.3727 1160.6900
27247.3231 18038.0027 1146.2500
26090.6031 22820.9827 1151.9300
27553.7732 20391.3827 1158.4300
26019.0631 21535.6527 1155.9000
26745.5132 17172.5027 1145.3800
26616.7831 22624.7127 1156.9300
26755.6432 20046.5327 1150.0000
28013.4032 20295.7027 1157.6600
25712.0431 23377.4226 1161.7800
26800.4331 17443.6726 1162.6400
26669.7331 19846.2327 1155.1000
27381.4931 26794.6927 1167.9400
26937.4931 22638.4026 1159.6500
26956.3131 20889.4727 1160.2200
33505.1631 13795.4427 1155.5900
26882.7732 20228.3427 1155.8600
27401.4531 23427.1626 1158.4100
25980.7531 23495.5928 1154.2500
28805.1133 16968.7727 1145.5400
28964.9431 16640.5327 1154.4000
25991.5631 25844.2625 1160.6100
26761.4532 16061.3826 1154.9700
26126.9731 22880.9727 1156.1900
25475.7431 21984.9527 1163.2300
26757.7531 17311.3826 1157.4700
27669.9032 20686.8327 1156.5000
25828.2831 24451.3528 1160.4200
27841.0332 20420.5327 1154.4800
26965.4331 18025.5728 1145.1300
26943.9031 20304.5827 1155.0100
30338.8530 19936.4227 1168.6100
30039.2732 13547.0926 1158.0000
27624.0631 22175.9527 1159.1900
29035.3132 18069.6128 1156.9800
26332.9931 22591.8028 1150.9800
27547.7732 16442.8328 1152.7400
27222.7331 20306.2027 1155.0000
28410.2832 15081.0027 1148.5000
26041.2231 26379.5227 1167.5600
28756.2431 16836.9827 1151.1700
27004.3731 16700.8028 1145.4800
26057.4931 22558.1228 1149.5400
28497.4631 15855.3025 1156.2100
27987.9331 22074.5927 1161.8800
21921.3930 20715.1327 1189.3700
28417.2632 16591.5628 1155.6800
22197.4030 21802.0327 1182.1100
27008.2732 16998.5628 1148.0200
30005.7832 16826.5728 1155.7000
27119.6231 20712.2427 1155.3200
26260.0431 24531.4129 1162.3400
27856.4032 17777.0027 1133.8100
25645.1831 25811.1326 1161.5200
29873.3633 14602.5525 1153.0200
28779.4731 14949.0027 1150.1400
31216.8432 11776.9031 1163.3600
30205.3130 14192.6927 1149.0600
27312.8832 19226.4627 1154.6400
26828.3232 19904.0827 1157.5900
28388.7231 18145.5728 1158.8900
27200.1131 17845.6927 1137.4000
26206.1031 19548.2927 1144.1300
28373.3633 17094.9627 1144.2600
30079.8930 17136.2327 1154.0700
29197.0932 16988.1927 1152.8200
26619.9031 18103.6827 1148.8200
25331.1931 21846.0628 1166.6100
29080.9831 14926.2229 1144.6600
27030.9231 17846.3628 1150.3100
27823.6432 16491.4226 1153.5600
28072.4232 15264.3929 1144.4000
30500.9331 14285.9827 1151.5900
26255.4031 23997.0728 1158.3000
29679.9831 17755.0428 1167.2600
30051.5031 15987.5428 1153.0100
28634.0132 16618.1827 1152.7900
30359.9033 14045.9129 1151.9100
28196.4030 18143.6927 1152.9300
26028.6631 26110.1126 1165.5500
12788.997  15326.890  1178.502
8471.851  22189.603  1180.007
12339.478  15144.848  1182.163
12104.367  19454.594  1177.442
12267.768  18652.319  1179.452
12737.462  13801.947  1184.367
9123.773  15953.415  1185.423
11870.430  18438.393  1184.541
13185.168  19138.781  1184.875
12741.439  20644.673  1171.901
10388.547  20265.047  1182.023
13117.722  21667.265  1189.377
9023.138  21311.344  1189.562
13163.458  23025.097  1187.550
12610.640  23331.096  1189.598
12893.292  16007.123  1182.822
12528.832  17369.675  1189.894
11157.536  18589.869  1182.084
14729.317  20380.640  1188.694
14419.029  18138.140  1192.614
13459.963  24400.827  1192.096
11488.936  18858.408  1185.164
11078.195  16207.884  1194.051
12615.427  19974.097  1180.752
7874.289  13199.023  1194.315
12948.369  20320.884  1177.293
9614.528  15106.568  1193.142
10856.146  21188.453  1190.143
11835.974  17352.710  1196.179
10976.437  14591.669  1196.009
11727.121  19109.337  1174.853
10883.753  16869.387  1194.966
13226.385  20167.780  1180.925
12539.346  20409.510  1173.166
11823.347  20234.583  1191.406
18323.724  17387.181  1197.204
12240.693  12393.879  1198.431
13316.678  22648.103  1191.665
8129.543  12594.477  1193.959
13891.598  24292.323  1190.125
3894.663  10643.658  1199.493
13812.963  23248.205  1193.793
9822.559  16847.474  1195.673
9029.475  10991.382  1201.171
14331.095  16197.574  1201.510
4405.924  12183.058  1200.613
6595.396  13930.154  1200.708
13404.449  20821.770  1183.925
15284.472  18571.546  1202.352
9922.326  20787.544  1201.235
13158.371  20573.837  1181.473
11009.734  18004.915  1200.660
10039.677  11633.429  1202.899
12371.792  19373.902  1177.907
14546.557  23464.166  1199.981
7015.188  21540.381  1203.860
10595.502  15222.946  1195.689
14864.926  25274.640  1204.209
12345.959  22141.419  1203.222
14779.385  21167.616  1204.137
12358.599  19707.024  1183.951
4029.578  10065.190  1204.522
13579.650  20445.418  1184.640
8818.618  13003.229  1204.055
16464.392  17851.960  1204.097
15890.016  22461.384  1205.448
9103.200  22529.265  1205.957
13081.344  19530.087  1176.237
14781.267  19550.639  1190.690
13352.648  21251.149  1183.550
7491.097  13605.933  1198.982
6285.951  12651.820  1206.615
13038.531  19948.999  1184.523
12956.572  21319.642  1182.272
12929.494  21739.062  1185.579
8520.390  11468.358  1206.872
13614.260  21513.470  1185.958
7719.805  21296.824  1206.246
6607.523  14387.459  1203.993
11189.061  20146.257  1200.082
10960.070  24153.033  1208.420
7973.731  13769.319  1201.316
15136.748  24307.099  1209.745
12735.022  21018.877  1172.595
8214.554  17018.960  1209.578
4104.979  11435.150  1195.010
13709.409  21096.310  1176.395
15936.550  21553.457  1190.012
16978.379  23601.875  1210.876
12325.886  15469.951  1185.776
12365.311  23117.142  1195.044
3223.989  11897.935  1193.315
11295.073  19650.662  1189.317
11889.314  21257.785  1205.521
13132.158  20886.744  1179.169
11978.055  15535.299  1200.510
14275.690  21647.990  1194.384
10288.972  20622.436  1187.210
12823.209  23019.594  1184.348
8613.186  21364.916  1199.061
8190.699  12945.565  1194.890
7999.914  19125.359  1214.961
11293.334  21851.015  1195.198
7957.277  13502.354  1199.124
10340.813  14938.051  1195.630
12799.355  24637.404  1188.417
11425.845  20293.614  1199.214
11321.417  22132.882  1192.073
9159.874  20891.821  1201.508
10315.888  23337.443  1218.005
12389.081  24681.818  1194.565
12774.564  17705.761  1189.060
11077.554  20346.661  1201.984
8842.875  20598.886  1200.767
14169.172  22070.585  1189.726
7859.487  10707.199  1201.091
11671.010  18167.732  1184.915
13095.130  17987.716  1188.309
10626.579  20444.333  1174.478
12461.590  16601.693  1175.989
9547.566  13888.950  1201.852
11856.795  18802.896  1186.924
9353.715  15900.826  1183.339
11086.325  18970.245  1194.254
8731.527  21010.320  1195.760
12570.828  21434.539  1177.057
13395.766  19884.562  1192.365
8365.864  22533.489  1189.723
12169.686  21881.071  1204.199
13544.650  23319.541  1193.837
13192.040  16277.829  1180.061
13505.286  19456.492  1193.287
11885.572  19862.066  1173.137
13674.095  22554.415  1195.636
12219.470  15829.050  1192.817
11634.812  18560.742  1183.832
9582.899  16581.760  1190.058
14600.513  24434.471  1204.861
10747.148  21558.865  1194.803
13172.506  24442.875  1195.594
13137.742  22050.274  1180.120
10250.082  15284.758  1189.323
12816.849  16387.604  1182.823
12245.034  20107.671  1182.441
12407.724  21201.019  1180.189
13787.963  23591.448  1198.297
13910.948  21825.044  1198.353
13113.406  15251.438  1182.190
10483.250  21290.693  1188.941
13617.215  20061.416  1194.682
12715.917  18230.234  1185.502
12388.120  20817.554  1177.180
12881.681  18857.627  1189.079
12138.412  19107.806  1176.022
9092.722  15577.581  1188.861
10916.999  22226.274  1199.090
10822.654  18699.980  1200.633
8711.203  22403.908  1190.602
11959.830  17014.326  1199.176
12560.696  16972.573  1182.468
14356.147  23722.730  1201.360
13561.409  22905.238  1190.951
9924.893  16417.011  1180.068
12899.051  22758.707  1185.956
11301.000  18229.030  1182.400
8099.680  22339.020  1190.398
8340.934  21084.441  1207.499
13983.944  20351.277  1190.595
14293.873  24170.790  1194.928
12477.295  21852.748  1194.411
11844.986  20519.523  1193.013
12177.010  20485.045  1189.817
13115.664  23375.275  1185.285
11372.898  16427.466  1191.270
12822.801  14985.573  1177.916
12028.160  18052.175  1187.702
12802.400  19254.685  1181.204
12830.230  24211.630  1190.380
10170.083  16727.577  1188.123
8021.481  12234.654  1200.470
11774.609  17728.690  1201.037
15136.510  22473.522  1198.918
14048.457  23493.895  1198.014
11577.966  17137.756  1193.933
12135.148  14815.251  1193.695
12466.242  17927.000  1191.476
8174.517  22004.753  1190.648
14526.948  21932.520  1185.708
12099.104  16653.776  1199.538
10034.252  20356.497  1200.136
13341.538  15897.401  1186.929
9379.989  21232.132  1200.645
11370.804  19238.596  1168.767
12131.407  24373.920  1187.391
11985.437  20929.423  1201.868
12584.226  18952.898  1185.474
8265.350  13476.595  1181.879
9258.689  21504.453  1203.176
11403.966  17833.828  1194.414
13045.871  22402.608  1187.621
10512.334  18467.547  1192.003
9780.050  15794.283  1172.801
10763.834  14865.001  1197.871
11529.232  19939.041  1184.373
10916.799  18397.243  1198.164
10880.120  19758.354  1197.120
12563.128  16124.750  1186.157
14004.917  19971.882  1190.375
12626.398  15723.649  1180.344
14003.158  21414.392  1188.358
10606.377  20936.766  1188.404
13461.705  22305.624  1191.982
13654.114  23987.294  1196.365
13035.948  15716.193  1182.975
11225.866  16859.471  1198.993
9872.807  15365.881  1186.503
7811.712  12501.681  1196.308
9283.684  16354.291  1195.355
8774.472  22090.894  1186.866
14418.602  21329.219  1196.035
12729.827  22066.202  1183.848
10545.249  17036.344  1197.965
10615.310  16647.953  1201.006
13078.468  24899.567  1199.304
10771.907  19118.139  1201.325
14383.314  22732.999  1198.865
11023.870  21520.664  1187.496
10144.995  19981.439  1194.213
14307.060  20236.885  1195.458
9645.414  14740.242  1195.926
11190.097  22371.366  1193.300
10722.010  16316.374  1194.887
14884.561  23316.310  1203.792
10992.929  16486.679  1200.468
11874.102  15950.773  1195.138
8764.640  16107.656  1203.308
13760.582  19711.969  1195.024
12275.595  22582.634  1199.704
11459.247  17457.820  1200.318
12619.375  22508.662  1181.375
14826.966  22216.805  1199.487
11344.322  21555.807  1196.276
12205.952  17215.120  1189.869
7624.431  13378.792  1190.809
11074.245  17571.571  1206.719
10587.917  18033.367  1201.656
13825.734  24631.465  1194.747
10503.241  15618.067  1187.211
14225.507  24564.421  1193.004
14441.654  22305.953  1196.154
13401.281  17834.674  1188.546
10302.767  19210.464  1202.110
9285.910  14862.949  1207.360
11405.167  22358.010  1191.985
12544.464  14631.607  1180.850
14900.239  20845.274  1193.510
10461.165  19918.115  1183.722
11374.366  20731.648  1202.730
10871.506  15846.766  1193.138
11596.883  22101.573  1189.545
7849.304  12856.845  1192.929
15031.261  22843.103  1203.472
12185.982  17702.208  1193.669
8191.698  13248.214  1187.521
11767.214  14934.959  1204.275
12581.447  22831.945  1180.250
13280.653  18275.384  1189.385
13601.435  21880.104  1194.552
13785.987  22188.496  1192.189
13556.721  18996.617  1189.715
11510.545  16059.577  1200.219
8683.075  15670.094  1191.211
13228.698  16550.886  1175.680
10167.758  18594.712  1200.087
12664.125  24887.913  1198.331
12081.781  15162.530  1192.623
9994.223  15008.967  1195.978
14581.125  23014.369  1198.395
14198.170  23169.272  1197.699
11686.791  15270.415  1192.189
14730.276  21582.751  1201.033
12847.960  19702.140  1178.444
13246.448  17552.222  1184.419
13794.052  20779.151  1180.342
12167.021  21547.083  1201.755
11717.282  19489.814  1173.966
10331.313  21024.836  1194.664
13357.370  23726.694  1192.355
9658.686  16180.792  1178.400
12263.662  25234.074  1223.397
8504.944  21774.885  1190.826
10880.818  20732.564  1197.245
10055.396  16063.472  1180.474
10920.323  15455.632  1194.881
11728.707  24459.288  1202.795
13251.696  24102.733  1194.361
10798.640  17327.598  1199.628
11053.248  15073.838  1190.215
11591.186  15673.550  1196.946
12521.552  24350.170  1183.181
10996.036  21806.499  1194.235
11017.425  19356.709  1200.212
9483.292  15516.057  1185.750
12322.252  18287.112  1188.939
14059.503  24819.550  1197.498
12861.638  16739.503  1180.821
11242.722  17193.066  1193.453
12181.411  16239.891  1196.097
9218.231  16661.959  1196.188
13790.657  19295.150  1198.637
14462.510  20907.783  1199.260
13994.182  22816.058  1194.984
10130.798  15714.145  1186.171
14212.502  20647.476  1194.778
12355.257  23561.472  1199.679
12898.576  17334.300  1184.725
14008.630  23862.356  1197.768
11759.581  16289.490  1199.349
10273.487  16408.561  1185.490
9141.768  13750.570  1203.055
11216.874  15807.345  1200.765
13214.510  14832.982  1182.109
9945.000  21050.678  1200.100
14105.679  21014.302  1190.483
12931.534  14645.281  1171.578
7586.880  13070.704  1198.035
12642.636  23909.428  1190.071
7561.210  12734.970  1186.170
11347.580  22629.133  1196.061
7372.743  13296.002  1197.605
12948.805  18459.222  1183.900
12430.096  15079.978  1171.539
12781.278  23575.552  1189.825
7515.372  12410.595  1197.821
15212.359  22108.633  1200.369
12593.396  18629.151  1181.988
8396.349  22921.657  1191.420
11694.364  16706.373  1197.903
10439.474  15935.947  1184.044
10611.450  19498.270  1183.497
9235.745  15206.418  1194.063
13203.244  17193.622  1183.589
14024.996  22460.669  1197.331
8894.492  21680.620  1194.972
13432.210  24791.372  1200.983
14941.420  21801.467  1200.120
11368.228  15015.522  1198.125
11246.066  15371.866  1198.636
12248.183  24023.402  1198.330
12970.339  23775.624  1199.534
13111.321  16883.163  1174.041
13357.350  25232.574  1220.611 