12788.997  15326.890  1178.502
8471.851  22189.603  1180.007
12339.478  15144.848  1182.163
12104.367  19454.594  1177.442
12267.768  18652.319  1179.452
12737.462  13801.947  1184.367
9123.773  15953.415  1185.423
11870.430  18438.393  1184.541
13185.168  19138.781  1184.875
12741.439  20644.673  1171.901
10388.547  20265.047  1182.023
13117.722  21667.265  1189.377
9023.138  21311.344  1189.562
13163.458  23025.097  1187.550
12610.640  23331.096  1189.598
12893.292  16007.123  1182.822
12528.832  17369.675  1189.894
11157.536  18589.869  1182.084
14729.317  20380.640  1188.694
14419.029  18138.140  1192.614
13459.963  24400.827  1192.096
11488.936  18858.408  1185.164
11078.195  16207.884  1194.051
12615.427  19974.097  1180.752
7874.289  13199.023  1194.315
12948.369  20320.884  1177.293
9614.528  15106.568  1193.142
10856.146  21188.453  1190.143
11835.974  17352.710  1196.179
10976.437  14591.669  1196.009
11727.121  19109.337  1174.853
10883.753  16869.387  1194.966
13226.385  20167.780  1180.925
12539.346  20409.510  1173.166
11823.347  20234.583  1191.406
18323.724  17387.181  1197.204
12240.693  12393.879  1198.431
13316.678  22648.103  1191.665
8129.543  12594.477  1193.959
13891.598  24292.323  1190.125
3894.663  10643.658  1199.493
13812.963  23248.205  1193.793
9822.559  16847.474  1195.673
9029.475  10991.382  1201.171
14331.095  16197.574  1201.510
4405.924  12183.058  1200.613
6595.396  13930.154  1200.708
13404.449  20821.770  1183.925
15284.472  18571.546  1202.352
9922.326  20787.544  1201.235
13158.371  20573.837  1181.473
11009.734  18004.915  1200.660
10039.677  11633.429  1202.899
12371.792  19373.902  1177.907
14546.557  23464.166  1199.981
7015.188  21540.381  1203.860
10595.502  15222.946  1195.689
14864.926  25274.640  1204.209
12345.959  22141.419  1203.222
14779.385  21167.616  1204.137
12358.599  19707.024  1183.951
4029.578  10065.190  1204.522
13579.650  20445.418  1184.640
8818.618  13003.229  1204.055
16464.392  17851.960  1204.097
15890.016  22461.384  1205.448
9103.200  22529.265  1205.957
13081.344  19530.087  1176.237
14781.267  19550.639  1190.690
13352.648  21251.149  1183.550
7491.097  13605.933  1198.982
6285.951  12651.820  1206.615
13038.531  19948.999  1184.523
12956.572  21319.642  1182.272
12929.494  21739.062  1185.579
8520.390  11468.358  1206.872
13614.260  21513.470  1185.958
7719.805  21296.824  1206.246
6607.523  14387.459  1203.993
11189.061  20146.257  1200.082
10960.070  24153.033  1208.420
7973.731  13769.319  1201.316
15136.748  24307.099  1209.745
12735.022  21018.877  1172.595
8214.554  17018.960  1209.578
4104.979  11435.150  1195.010
13709.409  21096.310  1176.395
15936.550  21553.457  1190.012
16978.379  23601.875  1210.876
12325.886  15469.951  1185.776
12365.311  23117.142  1195.044
3223.989  11897.935  1193.315
11295.073  19650.662  1189.317
11889.314  21257.785  1205.521
13132.158  20886.744  1179.169
11978.055  15535.299  1200.510
14275.690  21647.990  1194.384
10288.972  20622.436  1187.210
12823.209  23019.594  1184.348
8613.186  21364.916  1199.061
8190.699  12945.565  1194.890
7999.914  19125.359  1214.961
11293.334  21851.015  1195.198
7957.277  13502.354  1199.124
10340.813  14938.051  1195.630
12799.355  24637.404  1188.417
11425.845  20293.614  1199.214
11321.417  22132.882  1192.073
9159.874  20891.821  1201.508
10315.888  23337.443  1218.005
12389.081  24681.818  1194.565
12774.564  17705.761  1189.060
11077.554  20346.661  1201.984
8842.875  20598.886  1200.767
14169.172  22070.585  1189.726
7859.487  10707.199  1201.091
11671.010  18167.732  1184.915
13095.130  17987.716  1188.309
10626.579  20444.333  1174.478
12461.590  16601.693  1175.989
9547.566  13888.950  1201.852
11856.795  18802.896  1186.924
9353.715  15900.826  1183.339
11086.325  18970.245  1194.254
8731.527  21010.320  1195.760
12570.828  21434.539  1177.057
13395.766  19884.562  1192.365
8365.864  22533.489  1189.723
12169.686  21881.071  1204.199
13544.650  23319.541  1193.837
13192.040  16277.829  1180.061
13505.286  19456.492  1193.287
11885.572  19862.066  1173.137
13674.095  22554.415  1195.636
12219.470  15829.050  1192.817
11634.812  18560.742  1183.832
9582.899  16581.760  1190.058
14600.513  24434.471  1204.861
10747.148  21558.865  1194.803
13172.506  24442.875  1195.594
13137.742  22050.274  1180.120
10250.082  15284.758  1189.323
12816.849  16387.604  1182.823
12245.034  20107.671  1182.441
12407.724  21201.019  1180.189
13787.963  23591.448  1198.297
13910.948  21825.044  1198.353
13113.406  15251.438  1182.190
10483.250  21290.693  1188.941
13617.215  20061.416  1194.682
12715.917  18230.234  1185.502
12388.120  20817.554  1177.180
12881.681  18857.627  1189.079
12138.412  19107.806  1176.022
9092.722  15577.581  1188.861
10916.999  22226.274  1199.090
10822.654  18699.980  1200.633
8711.203  22403.908  1190.602
11959.830  17014.326  1199.176
12560.696  16972.573  1182.468
14356.147  23722.730  1201.360
13561.409  22905.238  1190.951
9924.893  16417.011  1180.068
12899.051  22758.707  1185.956
11301.000  18229.030  1182.400
8099.680  22339.020  1190.398
8340.934  21084.441  1207.499
13983.944  20351.277  1190.595
14293.873  24170.790  1194.928
12477.295  21852.748  1194.411
11844.986  20519.523  1193.013
12177.010  20485.045  1189.817
13115.664  23375.275  1185.285
11372.898  16427.466  1191.270
12822.801  14985.573  1177.916
12028.160  18052.175  1187.702
12802.400  19254.685  1181.204
12830.230  24211.630  1190.380
10170.083  16727.577  1188.123
8021.481  12234.654  1200.470
11774.609  17728.690  1201.037
15136.510  22473.522  1198.918
14048.457  23493.895  1198.014
11577.966  17137.756  1193.933
12135.148  14815.251  1193.695
12466.242  17927.000  1191.476
8174.517  22004.753  1190.648
14526.948  21932.520  1185.708
12099.104  16653.776  1199.538
10034.252  20356.497  1200.136
13341.538  15897.401  1186.929
9379.989  21232.132  1200.645
11370.804  19238.596  1168.767
12131.407  24373.920  1187.391
11985.437  20929.423  1201.868
12584.226  18952.898  1185.474
8265.350  13476.595  1181.879
9258.689  21504.453  1203.176
11403.966  17833.828  1194.414
13045.871  22402.608  1187.621
10512.334  18467.547  1192.003
9780.050  15794.283  1172.801
10763.834  14865.001  1197.871
11529.232  19939.041  1184.373
10916.799  18397.243  1198.164
10880.120  19758.354  1197.120
12563.128  16124.750  1186.157
14004.917  19971.882  1190.375
12626.398  15723.649  1180.344
14003.158  21414.392  1188.358
10606.377  20936.766  1188.404
13461.705  22305.624  1191.982
13654.114  23987.294  1196.365
13035.948  15716.193  1182.975
11225.866  16859.471  1198.993
9872.807  15365.881  1186.503
7811.712  12501.681  1196.308
9283.684  16354.291  1195.355
8774.472  22090.894  1186.866
14418.602  21329.219  1196.035
12729.827  22066.202  1183.848
10545.249  17036.344  1197.965
10615.310  16647.953  1201.006
13078.468  24899.567  1199.304
10771.907  19118.139  1201.325
14383.314  22732.999  1198.865
11023.870  21520.664  1187.496
10144.995  19981.439  1194.213
14307.060  20236.885  1195.458
9645.414  14740.242  1195.926
11190.097  22371.366  1193.300
10722.010  16316.374  1194.887
14884.561  23316.310  1203.792
10992.929  16486.679  1200.468
11874.102  15950.773  1195.138
8764.640  16107.656  1203.308
13760.582  19711.969  1195.024
12275.595  22582.634  1199.704
11459.247  17457.820  1200.318
12619.375  22508.662  1181.375
14826.966  22216.805  1199.487
11344.322  21555.807  1196.276
12205.952  17215.120  1189.869
7624.431  13378.792  1190.809
11074.245  17571.571  1206.719
10587.917  18033.367  1201.656
13825.734  24631.465  1194.747
10503.241  15618.067  1187.211
14225.507  24564.421  1193.004
14441.654  22305.953  1196.154
13401.281  17834.674  1188.546
10302.767  19210.464  1202.110
9285.910  14862.949  1207.360
11405.167  22358.010  1191.985
12544.464  14631.607  1180.850
14900.239  20845.274  1193.510
10461.165  19918.115  1183.722
11374.366  20731.648  1202.730
10871.506  15846.766  1193.138
11596.883  22101.573  1189.545
7849.304  12856.845  1192.929
15031.261  22843.103  1203.472
12185.982  17702.208  1193.669
8191.698  13248.214  1187.521
11767.214  14934.959  1204.275
12581.447  22831.945  1180.250
13280.653  18275.384  1189.385
13601.435  21880.104  1194.552
13785.987  22188.496  1192.189
13556.721  18996.617  1189.715
11510.545  16059.577  1200.219
8683.075  15670.094  1191.211
13228.698  16550.886  1175.680
10167.758  18594.712  1200.087
12664.125  24887.913  1198.331
12081.781  15162.530  1192.623
9994.223  15008.967  1195.978
14581.125  23014.369  1198.395
14198.170  23169.272  1197.699
11686.791  15270.415  1192.189
14730.276  21582.751  1201.033
12847.960  19702.140  1178.444
13246.448  17552.222  1184.419
13794.052  20779.151  1180.342
12167.021  21547.083  1201.755
11717.282  19489.814  1173.966
10331.313  21024.836  1194.664
13357.370  23726.694  1192.355
9658.686  16180.792  1178.400
12263.662  25234.074  1223.397
8504.944  21774.885  1190.826
10880.818  20732.564  1197.245
10055.396  16063.472  1180.474
10920.323  15455.632  1194.881
11728.707  24459.288  1202.795
13251.696  24102.733  1194.361
10798.640  17327.598  1199.628
11053.248  15073.838  1190.215
11591.186  15673.550  1196.946
12521.552  24350.170  1183.181
10996.036  21806.499  1194.235
11017.425  19356.709  1200.212
9483.292  15516.057  1185.750
12322.252  18287.112  1188.939
14059.503  24819.550  1197.498
12861.638  16739.503  1180.821
11242.722  17193.066  1193.453
12181.411  16239.891  1196.097
9218.231  16661.959  1196.188
13790.657  19295.150  1198.637
14462.510  20907.783  1199.260
13994.182  22816.058  1194.984
10130.798  15714.145  1186.171
14212.502  20647.476  1194.778
12355.257  23561.472  1199.679
12898.576  17334.300  1184.725
14008.630  23862.356  1197.768
11759.581  16289.490  1199.349
10273.487  16408.561  1185.490
9141.768  13750.570  1203.055
11216.874  15807.345  1200.765
13214.510  14832.982  1182.109
9945.000  21050.678  1200.100
14105.679  21014.302  1190.483
12931.534  14645.281  1171.578
7586.880  13070.704  1198.035
12642.636  23909.428  1190.071
7561.210  12734.970  1186.170
11347.580  22629.133  1196.061
7372.743  13296.002  1197.605
12948.805  18459.222  1183.900
12430.096  15079.978  1171.539
12781.278  23575.552  1189.825
7515.372  12410.595  1197.821
15212.359  22108.633  1200.369
12593.396  18629.151  1181.988
8396.349  22921.657  1191.420
11694.364  16706.373  1197.903
10439.474  15935.947  1184.044
10611.450  19498.270  1183.497
9235.745  15206.418  1194.063
13203.244  17193.622  1183.589
14024.996  22460.669  1197.331
8894.492  21680.620  1194.972
13432.210  24791.372  1200.983
14941.420  21801.467  1200.120
11368.228  15015.522  1198.125
11246.066  15371.866  1198.636
12248.183  24023.402  1198.330
12970.339  23775.624  1199.534
13111.321  16883.163  1174.041
13357.350  25232.574  1220.611
